10 100
0.272655852335 0.516222746853 0.144676662162 0.64699805219 0.82347854192 0.344049483928 0.476022391835 0.446766782706 0.759638714698 0.600341179308 
0.390302004483 0.209874820928 0.123885882779 0.645247569886 0.442010768519 0.409811211544 0.542436056521 0.468707884401 0.429775213612 0.426114498358 
0.0354269461343 0.182571036881 0.561073166263 0.549370737767 0.642761587956 0.715161528496 0.940824422177 0.0806117050764 0.0538209929168 0.529482270228 
0.102385234819 0.400840709944 0.325138565208 0.363604713869 0.771288308724 0.49676178598 0.638815004974 0.626529904826 0.308241590209 0.962285588951 
0.899321828873 0.527120287327 0.010520730903 0.568577840561 0.57845854292 0.0976301804529 0.00111931980459 0.89252312596 0.908630760867 0.46404325401 
0.777647809332 0.872651198393 0.0329208020636 0.65759520724 0.253564038589 0.635252325143 0.0918686574291 0.611128987939 0.612422928404 0.351772881939 
0.61954610685 0.0047199998232 0.0705781345314 0.583411496255 0.0492760473695 0.0756261326926 0.469541368044 0.647096302226 0.75263297621 0.316415897943 
0.927620832432 0.193648416072 0.664589280592 0.0660593876682 0.157878352057 0.586812798753 0.410031680232 0.0610660538536 0.238469913241 0.19173820793 
0.25226439146 0.694156069336 0.643182510499 0.297321152378 0.415938987996 0.774379202821 0.280502074644 0.51559020573 0.0624952393294 0.000819389119086 
0.864202751096 0.829605709048 0.937363622469 0.614729142087 0.375623707324 0.0538059153574 0.0804151106137 0.68682654913 0.879666433278 0.0517258479224 
0.54056815027 0.543762507118 0.354401024611 0.179960654144 0.108091106205 0.0648305423159 0.284130061355 0.540565283491 0.522273122158 0.0212535653075 
0.253151602508 0.207637774932 0.400945286834 0.350314364777 0.325945421385 0.0846289961348 0.956447898746 0.599710858503 0.00226641027022 0.837746718709 
0.666938805673 0.0912161043041 0.376863829957 0.00769055816018 0.587815438013 0.382459452348 0.988587436312 0.089739388574 0.339065611072 0.563889056098 
0.417486974075 0.225060184252 0.375319727158 0.346116783468 0.42153644756 0.0290501712542 0.83313089374 0.825959477319 0.642542206081 0.769327768446 
0.15421180775 0.868645610021 0.0691031398548 0.537542284765 0.168047680443 0.539175066938 0.442122062525 0.629774691896 0.666717964311 0.518159766808 
0.210480243706 0.183928545584 0.550130886489 0.837960055662 0.310237342692 0.705687883324 0.91318333288 0.774671431117 0.0430355199355 0.78610820364 
0.574918508955 0.464973287798 0.185332009844 0.4901238374 0.102093950453 0.0777124908467 0.195989075089 0.815331675516 0.109438163669 0.139794342732 
0.813511033281 0.517967855571 0.973007531781 0.345927259871 0.020638432485 0.379842729714 0.0850357752297 0.138700765406 0.863963241896 0.288373667066 
0.877210884628 0.298374757556 0.872293192293 0.151178830889 0.444880646545 0.497815320731 0.767418858356 0.375211923676 0.463701634357 0.0243059609668 
0.99221741029 0.469860609699 0.691704069738 0.231687968119 0.0435978068253 0.343034308229 0.838479442344 0.362299087722 0.202525700988 0.72419146373 
0.512200553627 0.0551715290347 0.0660791350142 0.851799315406 0.416661589876 0.230040464635 0.112822029385 0.81605592216 0.319067393352 0.282788954741 
0.264979705238 0.0520534172701 0.257715785752 0.412583615376 0.00467770666774 0.821351428673 0.408907295941 0.424834068418 0.784438255636 0.296217207082 
0.780032262075 0.342307940774 0.553963345276 0.297087668378 0.868711313356 0.120374779723 0.583711976273 0.817600650905 0.702520494738 0.0462393398451 
0.841300179339 0.966111179266 0.715013433304 0.811274005243 0.458243195434 0.294230893006 0.78810034413 0.396610118632 0.979175247609 0.168604507652 
0.966053400472 0.938521183707 0.186166768437 0.151887123442 0.197172714907 0.452520345693 0.671652247412 0.288867995639 0.930089513423 0.565681346198 
0.0773980059955 0.986273238876 0.968484421123 0.57446054929 0.978304591876 0.991584168815 0.997333751953 0.770149458415 0.0789427737277 0.00904263664907 
0.632221172374 0.00644505174131 0.54219854427 0.109887024255 0.466363833483 0.925904948147 0.502659388208 0.183421629603 0.44526748701 0.638495118355 
0.30475287981 0.254974279609 0.995626103114 0.62101853391 0.478121957327 0.638502761184 0.394472496245 0.49078075057 0.508566553515 0.969421835701 
0.84225591436 0.00107861388923 0.953963040455 0.608839854385 0.276754336544 0.636714895254 0.813145476008 0.287450298712 0.0211054769253 0.0596389948249 
0.77910335204 0.311426263749 0.291654839341 0.485532046341 0.708783944077 0.288630761649 0.603823129996 0.114521419616 0.695488530712 0.921444042679 
0.00683566262011 0.749745330964 0.825130826522 0.526943381831 0.871153655442 0.630770665544 0.961397232525 0.359291220946 0.161895689519 0.248269286834 
0.88401306764 0.40454048668 0.203584797304 0.977943502055 0.588416332085 0.588811676911 0.738460802096 0.990025052793 0.0474030135676 0.995919293876 
0.275382625184 0.451847356956 0.317275380356 0.566902664237 0.211461658394 0.304781537264 0.812857089264 0.649749447337 0.684518321331 0.855776944577 
0.859913401168 0.00971071059777 0.298673832686 0.598926293784 0.327053797924 0.126235801273 0.527321613242 0.126483494271 0.333379019731 0.158699574613 
0.186396048539 0.518466307483 0.0744493878926 0.321121310534 0.144579312813 0.213462565008 0.971879607979 0.486792251385 0.188029716784 0.22394732474 
0.271328481052 0.979114277108 0.523920571135 0.746746997759 0.113848066309 0.0764134742754 0.0281443277829 0.648309477853 0.64448717638 0.598759563466 
0.798092380739 0.154021098768 0.900435032889 0.585103535761 0.393849137368 0.871070479284 0.6709912089 0.204378522561 0.63334633811 0.640970233819 
0.876466953109 0.451897781403 0.70014267346 0.533828242022 0.183780784199 0.854988000404 0.891343351986 0.462975362088 0.805972485413 0.371584260269 
0.19270431812 0.545341638381 0.987705241672 0.0380614681091 0.20623215217 0.892184223332 0.27814444263 0.827302068725 0.904668652198 0.816898417512 
0.86479166765 0.549062533075 0.607433342358 0.672570527182 0.225187704653 0.442374120532 0.76185348697 0.733727596221 0.434560378462 0.610801976511 
0.831941482478 0.952238428113 0.761546251138 0.990372056683 0.740807424259 0.894973903133 0.403356292414 0.562040786633 0.829530131269 0.98674375187 
0.125067182848 0.927003490938 0.388826732628 0.79853281511 0.861093950306 0.284108900022 0.979867597927 0.684299970749 0.410740220041 0.656257597716 
0.211407058059 0.48215280663 0.422243602533 0.629364449467 0.34155518907 0.69748305874 0.203898240302 0.469694365896 0.121133427928 0.408429894741 
0.0124713235553 0.169520372828 0.227404516541 0.975288111022 0.481008986637 0.764413376451 0.65893980896 0.415704900103 0.526869551857 0.721672892567 
0.0172961129863 0.370331890041 0.770366915552 0.227026629786 0.752341621124 0.0783455046361 0.818164750818 0.457500853238 0.341466899254 0.353827362622 
0.618765439597 0.361645343383 0.689130251923 0.428877997593 0.785653818827 0.574117538815 0.243013959405 0.165363012992 0.289004994717 0.770494834539 
0.433566325201 0.918496424176 0.884799872138 0.508309712952 0.5430320486 0.765788531836 0.966601371127 0.731798560237 0.38382133625 0.937059573807 
0.115196598599 0.990555073401 0.502590949937 0.536123479097 0.68942813305 0.526309544971 0.645205860302 0.0689877243607 0.600939159781 0.866724532087 
0.383453462754 0.973858236955 0.931260199178 0.263237463851 0.796029162368 0.954153110352 0.132549191477 0.656785464333 0.263640225887 0.747645693706 
0.539973831127 0.334364430265 0.0204783891502 0.299088365114 0.694398064987 0.617961088091 0.481911076717 0.562615368034 0.717325710845 0.620418627254 
0.295511977386 0.498970093073 0.143050638677 0.982684057773 0.992274125192 0.468844296804 0.119731346299 0.498358918212 0.823121673975 0.50743436787 
0.0903517615073 0.501507169165 0.592459167991 0.986936177739 0.235475069778 0.258239148921 0.19337009011 0.992460691714 0.717289078104 0.224599499501 
0.818204164531 0.504646998177 0.226339794707 0.802489729804 0.791918004667 0.601087605843 0.415928322107 0.303885170308 0.856081460045 0.27015940758 
0.767729449073 0.0628150457984 0.283647318719 0.699697566465 0.749158928998 0.490239143916 0.791403998659 0.845533796534 0.326002775153 0.00654703041611 
0.647847948297 0.0288206760574 0.0772724297477 0.589897596837 0.2752503628 0.184432752644 0.954003278286 0.0490017580394 0.691790630264 0.245806473764 
0.288908946079 0.980496444858 0.620964237943 0.122271078417 0.508895218018 0.802825749838 0.925704891399 0.280277230404 0.984830516423 0.951482987873 
0.686485324037 0.241115336261 0.395711752759 0.869597145837 0.665572952558 0.584870309653 0.737114662402 0.611459355652 0.0934395560217 0.82298679034 
0.771717046395 0.0211181499707 0.714905701016 0.141449528697 0.475211640516 0.235916426908 0.925024926455 0.609961608689 0.846564084005 0.231514937774 
0.462219375205 0.274747190772 0.382305945164 0.14656963843 0.937389732116 0.686736543647 0.836904854956 0.439896736601 0.428823866496 0.0385796521069 
0.998439663528 0.63312393549 0.991988424334 0.627209302581 0.14100114156 0.957445278122 0.340688690412 0.849431701685 0.694191811241 0.582909468171 
0.678880526213 0.95324873764 0.899670054135 0.719230781316 0.246004661787 0.612440506524 0.257916381021 0.999778850431 0.738485067464 0.934730722957 
0.0245721358742 0.497238162529 0.305016185303 0.0819046301296 0.246200763682 0.591551475252 0.460332982078 0.167137533919 0.376970918177 0.282499674179 
0.156191712683 0.445553530976 0.933532578461 0.805499787399 0.971554544784 0.12181074738 0.852102501012 0.395274641942 0.120573570244 0.913876868603 
0.290016096381 0.696550862209 0.896777751765 0.79053648823 0.805640149966 0.840784341183 0.0715737205164 0.322232212174 0.498605859696 0.85280652549 
0.385946144786 0.0484078351898 0.110934807253 0.821810207558 0.761287111872 0.10815177241 0.844479074705 0.490712208515 0.0737941463242 0.589323945092 
0.947238645074 0.887627053427 0.62330177219 0.844267710152 0.251890365302 0.470875696712 0.504370614408 0.130815356097 0.60926785857 0.993821445745 
0.50404731847 0.502719795948 0.348429069708 0.0731826708874 0.501889968718 0.789912465867 0.0260150081763 0.878056842402 0.320260322334 0.984398328342 
0.967126605293 0.771623626476 0.23104578781 0.522225569146 0.686086796924 0.336427135812 0.577466899244 0.940839703723 0.429789305461 0.446388560412 
0.56324960781 0.445091527845 0.893504533175 0.167401916812 0.466948867706 0.0837399172824 0.591602172178 0.491465871246 0.309200204911 0.718991528406 
0.921413569277 0.742863000246 0.274447909492 0.822484220609 0.867779683339 0.95155891641 0.627306863278 0.505741352152 0.461061561189 0.706957992814 
0.241014085188 0.893620703279 0.0390383202553 0.614646065806 0.666746037225 0.637166229468 0.19621017163 0.69170784322 0.537349212099 0.550886546133 
0.894058832915 0.378274652123 0.836500004215 0.619553640093 0.270296276823 0.470056678129 0.181367884412 0.638554567248 0.314288313868 0.0190164720324 
0.504173325193 0.90621784208 0.112223003631 0.605843122 0.213873052175 0.28248249579 0.422947935096 0.264569623184 0.991147423644 0.103668680051 
0.667285570798 0.108524138949 0.45935533819 0.0529190973455 0.078919417707 0.381571430704 0.359352601654 0.908071583673 0.924572989525 0.151134073002 
0.340744574828 0.522821118464 0.783796651223 0.435132657087 0.13976247029 0.529240500801 0.723628489058 0.190242163583 0.599500974317 0.765060697245 
0.505174698153 0.840487995272 0.548919236776 0.193345037868 0.203629912983 0.436308197083 0.476820490891 0.370147696716 0.0987941999237 0.967455784202 
0.28180772544 0.199309326647 0.925880767811 0.512965520655 0.470515963913 0.814920887193 0.8947552736 0.883985481579 0.352788576674 0.807363998694 
0.577129022121 0.892611786746 0.313979642611 0.50798967333 0.395618771371 0.440819300557 0.125385885163 0.840574445693 0.777526051136 0.738777580779 
0.558824545535 0.717486296606 0.92548579031 0.328165943182 0.697740314849 0.142526116257 0.573842379642 0.0434122471395 0.15710494551 0.0561641992869 
0.79029150459 0.77339069554 0.502073774404 0.868572382126 0.237999741838 0.700444731113 0.381046559174 0.886890586336 0.469362681848 0.15651116885 
0.0918455747569 0.923369049401 0.543977073645 0.662057871398 0.331300469063 0.768235634995 0.204238504098 0.955608722507 0.312293790238 0.968834405445 
0.386225645244 0.721860656247 0.892557104379 0.610124552537 0.878072231324 0.72743955018 0.7652522916 0.587465701381 0.773811207218 0.276857815526 
0.268400170523 0.516654412953 0.314475100562 0.34916984426 0.509368320634 0.0037728213537 0.0658652878022 0.0206747472811 0.467102124897 0.51605823134 
0.166948649945 0.198394225872 0.399218276459 0.0777190694884 0.201827909071 0.657360073049 0.632916557011 0.844620822225 0.305866716944 0.481065651986 
0.630103498133 0.84383422663 0.155311313859 0.158324841324 0.0483782007255 0.418751640622 0.385441813233 0.625392286461 0.8775520665 0.916759407038 
0.993990615011 0.151232762356 0.765881543737 0.789084956993 0.538883209835 0.401771133894 0.0536364771304 0.477743898198 0.349669716354 0.525719657177 
0.206294570495 0.370209123964 0.395209840891 0.342448333365 0.851913483374 0.699244763522 0.969803325544 0.84259458644 0.479806914222 0.964405343393 
0.213490233619 0.179707988425 0.144921160845 0.978607266011 0.826625551208 0.858534792073 0.40231592505 0.521643973535 0.454103812656 0.436097409373 
0.330072413429 0.270875130573 0.930737342016 0.60977384516 0.940390309402 0.616650229004 0.114472774325 0.0415526112205 0.0172997059848 0.975850062941 
0.694920064853 0.29540923099 0.452974116769 0.480872555499 0.770254418126 0.04527428694 0.851124017856 0.0945421044475 0.203112941615 0.840941092573 
0.759925288009 0.172577616311 0.668650154187 0.219356299358 0.571662857689 0.549081935085 0.684860460155 0.467229124448 0.0394934228889 0.01690779997 
0.0889475509218 0.35724953929 0.962148880621 0.39535922369 0.159626832017 0.308282201449 0.544256817013 0.764211779976 0.532777856431 0.45512673048 
0.860715385324 0.3548640313 0.192539856376 0.0333437789319 0.390669703531 0.150604506403 0.547555923031 0.320323234382 0.854564912666 0.994870286938 
0.464883981161 0.701862269659 0.896724592934 0.127550193702 0.641673810141 0.67332421825 0.818596346777 0.817612818264 0.901142044671 0.485471188979 
0.479697115564 0.415555445085 0.624651212712 0.431177419013 0.567432408773 0.335359370333 0.807850749481 0.088432172698 0.814421131986 0.387881154872 
0.350727959195 0.0691189827674 0.112595671882 0.109945098352 0.452889758374 0.289448913629 0.683310764751 0.307943366305 0.0984459071583 0.795460800931 
0.484289094824 0.238775234958 0.877325375181 0.365378707756 0.353474813169 0.832157319004 0.745800910804 0.0689585392859 0.653839139478 0.789835763472 
0.103479061614 0.707416472992 0.250996879767 0.454215996851 0.0576155048882 0.993461976742 0.741092310105 0.0814400006211 0.328802271847 0.887575580524 
0.0975249386041 0.867254430157 0.172202401297 0.644153352958 0.348485189918 0.29821266166 0.123421304163 0.981276358129 0.00747531432406 0.195915161907 
0.0274172493061 0.698057652977 0.0162834963659 0.880846604151 0.122089425211 0.626935271874 0.438948276299 0.595686562175 0.600898211563 0.979215071767