20 100
0.771608686781 0.759898019804 0.480217320553 0.202916431945 0.649752969451 0.637070663023 0.534369321452 0.944114754154 0.592208820618 0.509463133901 0.940477871627 0.682233039681 0.789928029087 0.907838968809 0.788489506202 0.931580361385 0.570230391017 0.962068134326 0.0482050548114 0.408340337993 
0.16098768726 0.0411465761261 0.438175717374 0.674325542267 0.168385005453 0.394107192734 0.618112013955 0.374854436229 0.0367263327557 0.0188105900291 0.719949627941 0.133364779886 0.476136444543 0.762141348534 0.496533030075 0.832128028257 0.232354900435 0.265362602552 0.0511217422926 0.686444951413 
0.944776690785 0.507819237339 0.730508857533 0.807993318308 0.991905443507 0.170534539585 0.0185327003637 0.795975309421 0.584327882707 0.0691134346213 0.973038838476 0.833737614856 0.868157240673 0.822204778073 0.956328673516 0.200459383102 0.522151887232 0.12139768915 0.0942462893575 0.505991887034 
0.130781434257 0.967593033482 0.164959297906 0.861522319638 0.324933597888 0.977953508283 0.379532585872 0.574592594138 0.945399008576 0.938562586987 0.304402363171 0.605789087713 0.472383460256 0.416934439466 0.0511710132815 0.406634090783 0.397864652323 0.770660034701 0.350998494892 0.0930036026001 
0.682501826175 0.620359264413 0.442748182824 0.130688009343 0.704715336267 0.518190651835 0.293315922336 0.533841779696 0.800829916386 0.550513691796 0.486444701563 0.264289249222 0.537111089629 0.835219354783 0.579507060471 0.0773762606144 0.924749829196 0.312389689093 0.070940814292 0.382918895016 
0.824518278671 0.950435305508 0.669889750957 0.763823935214 0.643108690687 0.123569192743 0.80135029297 0.377310983363 0.301782134392 0.90381524023 0.88419427849 0.378006042923 0.481011793536 0.305477710446 0.861725712203 0.985914933372 0.631988223696 0.318483565811 0.21675558533 0.611130867325 
0.628572282043 0.388177361022 0.772977910635 0.630931549253 0.565269531951 0.413287262484 0.683395796689 0.432318770811 0.288542537785 0.530322422933 0.0165758947578 0.355736029465 0.992999967026 0.294434623059 0.201929190745 0.0925284522133 0.774369493029 0.78091169196 0.51536607603 0.670217551268 
0.959164341323 0.305850886645 0.893029254297 0.284717849671 0.611533038392 0.344045940998 0.351586013949 0.792987998579 0.490909055635 0.765412763758 0.0440211904244 0.0610894514289 0.774338291075 0.391327836046 0.979228955887 0.304959303958 0.0619656955824 0.448399561367 0.460594304122 0.269693931812 
0.763942303056 0.572925043569 0.773096374782 0.320512666681 0.55666931736 0.403882612346 0.645137890974 0.903045091665 0.58874525192 0.595198182749 0.314791936948 0.0276247081856 0.138099282318 0.753976795531 0.474432140542 0.901396490983 0.823912062131 0.929085220768 0.378678183282 0.287887768751 
0.58802174243 0.595772741019 0.40571168299 0.00796924617859 0.665606110797 0.299902972614 0.218481128353 0.254571185242 0.0247179229891 0.00726457152226 0.553507562134 0.650352649951 0.99880694811 0.41328695058 0.707359334293 0.737551519432 0.626210274039 0.165273609545 0.999575490981 0.340575702053 
0.905503883521 0.839491788566 0.497238509259 0.193830523347 0.805122949494 0.384405249878 0.647577698664 0.765255282405 0.922755142226 0.548931100837 0.294656840692 0.861926360848 0.550374147149 0.685565959328 0.721266387976 0.98180599306 0.174409415571 0.116137563567 0.0560624445592 0.0245483221437 
0.817783904359 0.419286411264 0.123954430995 0.864300614931 0.582056023937 0.232884472516 0.828935779549 0.815485615816 0.93223684846 0.763830306824 0.54982416111 0.150642114286 0.846204774373 0.216639798955 0.645332904819 0.0759083561124 0.513243121893 0.71443738913 0.353521861011 0.0432507163879 
0.743141006877 0.0813736040249 0.874182193943 0.108564100521 0.366461553398 0.523916998813 0.130102018657 0.328035761801 0.450059697649 0.570872103041 0.883030692851 0.771169203019 0.0911296791964 0.819726041853 0.670932722717 0.402760282214 0.725249061923 0.842213442146 0.953624889211 0.964021914908 
0.83071315706 0.0668753829911 0.355112808671 0.97797957114 0.365816494143 0.289185532409 0.0903626019716 0.753632407538 0.798945789152 0.981397821014 0.129645567916 0.354376661684 0.353225766426 0.743661229029 0.958410538885 0.330157553351 0.776138943676 0.815200208052 0.56261071829 0.439970130995 
0.20268532687 0.377434999411 0.45953858084 0.23425741557 0.382325869822 0.61296151235 0.187348424129 0.101045148089 0.123694506217 0.154054021991 0.750628612743 0.746740409808 0.782458969242 0.946399189517 0.242370388209 0.651600867112 0.715339798437 0.708598277712 0.77355730859 0.454122070408 
0.724407514968 0.420632356262 0.0654395360251 0.279623580657 0.546968556205 0.196073539682 0.418613079957 0.883971282585 0.617745732417 0.391548466859 0.949283466022 0.305621773216 0.697467565362 0.470375416286 0.534793125831 0.233393465858 0.527911441784 0.991863751559 0.419870190193 0.344582162289 
0.802876139975 0.390923187596 0.192073898982 0.961626899411 0.85781223921 0.845651729212 0.0173151411849 0.325539945944 0.811679937298 0.193938234811 0.180823832301 0.707249426045 0.736403258077 0.364139298552 0.298750080056 0.700103257236 0.225155100094 0.222373537697 0.994007078179 0.0453574313518 
0.954448970974 0.209894162391 0.795850018127 0.359809933903 0.337667024632 0.680584933953 0.434289219558 0.0672030393788 0.971837776515 0.114288672116 0.118277994127 0.529865728522 0.428397693428 0.971119136725 0.986652665783 0.10193801359 0.0894044620816 0.253887644894 0.345543751987 0.179963642162 
0.122523302908 0.986591124297 0.134628697413 0.547455837722 0.644821558327 0.576705439777 0.367425290069 0.347891242179 0.0619502729711 0.76727229525 0.248772771954 0.188405158599 0.678216490188 0.164764003715 0.449831356269 0.0599187959296 0.0094457094033 0.742202877248 0.740079571873 0.045627200391 
0.254923716053 0.851297399101 0.562977783083 0.997972185588 0.448281617313 0.337415613724 0.0180412660125 0.543842416319 0.830982248093 0.201854409605 0.450543999498 0.555166789887 0.318546903591 0.496752286711 0.0948803211357 0.0877392202181 0.231517937693 0.59691955797 0.441274790994 0.543434125741 
0.573604212308 0.629279656706 0.0335347335917 0.875271509492 0.0300212815732 0.00836379156175 0.921381136925 0.126054089938 0.41267275864 0.800059729832 0.452995749786 0.451735238741 0.612317345744 0.875239579665 0.483873303178 0.457810988029 0.489938280646 0.527585608753 0.387581526254 0.199477572268 
0.867107424171 0.625565032753 0.224289960077 0.964615939546 0.100792346341 0.413145354123 0.479675493373 0.65117659088 0.328642913078 0.531452320857 0.290466276104 0.529705883905 0.858576920272 0.208636174468 0.343347120174 0.148005384394 0.73276074891 0.30558295742 0.820976416843 0.0257566670254 
0.980646619563 0.367486910298 0.069581597837 0.981850601648 0.183895301372 0.118772473249 0.998153491239 0.533778280545 0.332541937919 0.17635537847 0.227171607705 0.664905595616 0.678503902996 0.584129743505 0.105101293343 0.759247787751 0.335428487961 0.116305618479 0.461503657932 0.387275834689 
0.975957500769 0.94637887342 0.231733979575 0.293846781185 0.0571826629923 0.403450572552 0.0282118749456 0.577918812939 0.664704339514 0.104448276265 0.416986807527 0.0176353474278 0.197562233165 0.166676568987 0.130603480864 0.732588162155 0.191827125978 0.667729092393 0.430180336373 0.0582898472117 
0.548379599294 0.615298648156 0.636481748397 0.361344698151 0.621059861803 0.437705430289 0.957451370739 0.847794174427 0.652678153314 0.565685332474 0.311336684778 0.564345802823 0.62330373418 0.498926581789 0.936427395019 0.603977068091 0.28457741688 0.527583878364 0.718553611921 0.796882487987 
0.775539826749 0.916791166921 0.568449833044 0.178808450101 0.912383294617 0.859362208379 0.539384895589 0.0381468523475 0.796525934273 0.542995396424 0.437320844629 0.924093208054 0.123973540684 0.41195317715 0.917693654187 0.000343502700701 0.406301120579 0.887881325915 0.45822309564 0.959638959063 
0.684174891171 0.912231908283 0.752170445992 0.0951360713934 0.660638663795 0.198838185011 0.672346409153 0.537139765789 0.0114032903376 0.785351018758 0.852770634885 0.75452664053 0.4349880539 0.597065361283 0.964649791421 0.497781517725 0.60955559098 0.67808743583 0.389058812471 0.561653142213 
0.179285160769 0.217429734189 0.563254876795 0.788641992883 0.161304012509 0.934673688574 0.924148949917 0.812698771209 0.3146222684 0.800730767189 0.497065159718 0.440754048898 0.953917786151 0.225392561589 0.869091267732 0.56254981053 0.177972553606 0.571003733299 0.827400532246 0.934570643973 
0.0484104269272 0.0897225124127 0.849308262514 0.383134536617 0.395785161789 0.0889422265939 0.0945135953066 0.530310670736 0.48372551751 0.586939817375 0.712086012453 0.419322466762 0.924854507559 0.152997964481 0.517502090115 0.802139624968 0.155486041814 0.0391190844733 0.310547200405 0.820057308494 
0.400683009848 0.547971378018 0.86002563124 0.399173072331 0.463153482086 0.263485913682 0.254432953931 0.307981613424 0.290438391108 0.918499264267 0.209253272491 0.74377871481 0.713587540528 0.485663875682 0.587864120958 0.449988946267 0.508713758437 0.59649448476 0.929861436189 0.597853979553 
0.522633863103 0.124642304772 0.711101479847 0.408040718221 0.0579031791161 0.469993882937 0.965276422805 0.685481369167 0.513080386678 0.761209018596 0.0973229472418 0.903284650528 0.764522400851 0.83516380416 0.469805396848 0.207952996567 0.492088301226 0.902895514202 0.936405152899 0.432375651148 
0.664334107196 0.695212533171 0.769485955957 0.336896668129 0.20979587545 0.945371869718 0.259625237713 0.55505273765 0.775527277366 0.191531274062 0.585684682131 0.449283859265 0.218333531248 0.669017212454 0.347315012461 0.44179587331 0.896334891606 0.283925466623 0.201487855519 0.449993263695 
0.770788883333 0.308582318203 0.207060129027 0.00738540204805 0.876983525051 0.199460159578 0.774943579218 0.522893739637 0.770963070607 0.236556777135 0.231054543496 0.352228938614 0.649791648862 0.821789372517 0.492979279578 0.311130023535 0.861036460991 0.776351098852 0.48345825541 0.134898321092 
0.526087033273 0.670359673416 0.852569218258 0.502846601087 0.0525801990222 0.825099354031 0.471226296618 0.369882747614 0.766471145935 0.927395980256 0.873815308045 0.463560672597 0.406029967504 0.578260654156 0.170901098245 0.0816889347951 0.918088743935 0.954168851155 0.000898489851879 0.938569965169 
0.0359244894226 0.836745112791 0.822699959429 0.344670463848 0.105917575873 0.255297893819 0.125681994247 0.247533235059 0.630224504188 0.405055532078 0.936001262159 0.998470706771 0.537625885886 0.241225831538 0.93319074289 0.473041483496 0.183612975625 0.881838865458 0.768031854625 0.930557919579 
0.437018056467 0.182463668958 0.0982898945814 0.138856008558 0.532993262556 0.580136374468 0.331587840496 0.3001092215 0.343796222549 0.135595463117 0.445730363099 0.776970385633 0.669228358004 0.0965586109595 0.948018417246 0.899722703911 0.778567950664 0.688122844286 0.792550492372 0.857953147475 
0.68197870179 0.297277070728 0.28917170086 0.825722258776 0.420082088488 0.74702554149 0.128882842291 0.419934188526 0.690064436541 0.1421214468 0.976922404345 0.657219746806 0.307811813591 0.268859803288 0.525510308333 0.743594564855 0.434172853806 0.506862173686 0.887682992304 0.449014141875 
0.809904734736 0.380097146515 0.941332374351 0.181473811939 0.77873703012 0.787061407594 0.671070180616 0.222271181319 0.573792565814 0.0169315169114 0.0214747695248 0.434354665276 0.664390085467 0.45676852962 0.257273888293 0.814284431501 0.95539496519 0.481441102186 0.770146816936 0.977933517629 
0.139654019825 0.746616940563 0.526602452645 0.743914561347 0.539842714983 0.88192048727 0.325488557886 0.588857513952 0.466536782779 0.734047807759 0.731085329286 0.383906923316 0.151312969075 0.183075905524 0.152009609787 0.217891894804 0.903689562839 0.0661935935151 0.660673058362 0.884647470128 
0.580400999019 0.231523359946 0.328199301776 0.723370127419 0.503037979746 0.839210063341 0.676873875765 0.345235046923 0.587986411562 0.160587317905 0.627553352855 0.584809740154 0.812480268099 0.62098660655 0.272190145332 0.520867674144 0.332113547886 0.262653191028 0.120647882531 0.939383122437 
0.343577747184 0.496394987698 0.238143855485 0.617042281906 0.829039658881 0.533943418974 0.492632531214 0.345531457976 0.746739855593 0.102830769417 0.10460018386 0.929380883209 0.301941849413 0.303474389341 0.0314500005454 0.326904782978 0.951179715407 0.765851799281 0.936784618883 0.528658190804 
0.515127134 0.556462257133 0.6662128809 0.622940535423 0.840861194393 0.113099937161 0.12604043833 0.246536457134 0.603300703463 0.334253819486 0.711994463269 0.200062564331 0.570878705623 0.106084445251 0.683881906424 0.94139700506 0.243529463658 0.0603694455715 0.500556974496 0.15960852533 
0.77753522299 0.804799456256 0.362973729127 0.952190604604 0.176458295455 0.652918403603 0.58262561704 0.534628173746 0.680476461828 0.194216062241 0.0591077737835 0.666381962416 0.992560107485 0.495289662981 0.237996909234 0.333670064902 0.468659742802 0.990277525311 0.938592687681 0.665346151143 
0.887397511241 0.502256280484 0.940192060692 0.982253094332 0.49377254845 0.832856822571 0.733998478822 0.664606274844 0.776956916304 0.909874290626 0.0458271866542 0.874201478304 0.510942363571 0.394844563947 0.461684647916 0.0722266314398 0.421399774587 0.333698038833 0.402963857847 0.156535021477 
0.497874284375 0.459309309972 0.0656158104367 0.850224607812 0.344257000118 0.0932475677276 0.761145792998 0.796240882123 0.206593306824 0.56224714269 0.582851838857 0.555952356809 0.148989140556 0.295255269019 0.560017798578 0.126332881603 0.282066359959 0.568723434375 0.164854774665 0.0667765864542 
0.500152759359 0.40692780016 0.936197209661 0.566448679273 0.525720028648 0.719208002678 0.720735328933 0.33383268526 0.397442551701 0.537981655373 0.379406025473 0.76869355028 0.614037362397 0.805481403272 0.616358733943 0.32993818571 0.613636602337 0.572669119822 0.300428474828 0.423596549629 
0.764689340856 0.535886879452 0.237438091059 0.318034383963 0.819196036622 0.263564787582 0.769573634001 0.626342888131 0.281125996176 0.164917054036 0.266081621974 0.879491598684 0.357934737916 0.366827494462 0.424654815146 0.693973231966 0.148537694526 0.582509829118 0.328373333057 0.907513408274 
0.254325373699 0.907482102887 0.946750705573 0.811586885468 0.486496501466 0.138698827636 0.145593981896 0.972531317862 0.261927610964 0.273366439157 0.282624069649 0.727674167682 0.0595705565866 0.0206102432578 0.0722819129631 0.475243020813 0.346496894192 0.309566917506 0.363522085248 0.512886986806 
0.60281121481 0.000795377809021 0.399656520053 0.794245879099 0.648816368435 0.110002612008 0.671533434662 0.120519268248 0.377344886508 0.635841676469 0.439533898479 0.742538822762 0.085510013605 0.408930581818 0.657339450298 0.518434010306 0.794223578339 0.813498824687 0.213602828628 0.537378755057 
0.715363403136 0.577490600251 0.821922010248 0.661815575376 0.898919991126 0.274252830138 0.130107527569 0.312866906668 0.55910780515 0.409087367007 0.623927454736 0.689945676273 0.411571699799 0.717794781993 0.489157333489 0.65270511351 0.990573599308 0.702655671307 0.169208918558 0.317167411057 
0.00472738433836 0.0441430096591 0.10056488227 0.205459526076 0.167083442473 0.922413074003 0.72060066595 0.430434796104 0.361883283999 0.446935308975 0.678749849835 0.127985120778 0.116457984966 0.50256677809 0.579992860754 0.923179778157 0.567809377294 0.322405804935 0.352748443667 0.209743047271 
0.0680807287573 0.974230118255 0.795456286293 0.920184464098 0.018621590832 0.707360527825 0.312446218687 0.385675696646 0.512894778422 0.246704957029 0.957396006789 0.706559679906 0.783011814239 0.474217318078 0.416034878704 0.106602532376 0.886985822724 0.631914756467 0.621957823017 0.618093165904 
0.884413190409 0.0131859749642 0.392713637801 0.909430323066 0.0656911596549 0.279285228326 0.0230877906737 0.267025828056 0.166668684583 0.684362697602 0.538638316384 0.160144706439 0.858214145294 0.0456744189309 0.0195916336311 0.174620076592 0.518265603525 0.245937801406 0.403071158047 0.175535579355 
0.197158686806 0.941575346203 0.744789800744 0.901236868495 0.866540903809 0.442431741982 0.39933306963 0.449463457627 0.0282673444233 0.538906603163 0.466942499821 0.683256746078 0.906941422866 0.0759302437587 0.141865498073 0.0415353715744 0.711383380211 0.362507002171 0.0949958913683 0.416385014964 
0.569093901149 0.31302675436 0.680792819249 0.708086989848 0.366597451549 0.511134386954 0.455230475632 0.128431966053 0.785418051152 0.324535188225 0.376011110454 0.11265083575 0.219904242447 0.662478283023 0.271827572821 0.295510125678 0.82378939618 0.847269260201 0.602823190053 0.801970062048 
0.0777397631417 0.83411467987 0.355609145667 0.406256958499 0.285410925885 0.602052478614 0.480905566928 0.643095670029 0.143583219621 0.828612906568 0.591096246592 0.99648641135 0.282321872906 0.971429762737 0.731927216811 0.234667792395 0.353964714483 0.741652308858 0.812711768568 0.40384946967 
0.957088942871 0.804803224967 0.227631398071 0.935960400967 0.315029802896 0.821527499321 0.811030524165 0.503298309124 0.36086234774 0.934292297654 0.976355994599 0.0953823676992 0.711501612408 0.397571343294 0.222943708833 0.954906500459 0.613961699175 0.962708870046 0.595148252444 0.396453376281 
0.619240319252 0.601829206467 0.224505997878 0.426981758594 0.103931946475 0.197196125939 0.828278611513 0.475616047035 0.977404795414 0.524985562229 0.932867563878 0.315337820114 0.514533740426 0.403948873348 0.102196024514 0.724043933083 0.728899345916 0.84894966803 0.132287624979 0.121157083312 
0.60634689233 0.300471887744 0.526565980887 0.797950921393 0.0321159151386 0.121688942844 0.91048112782 0.257898331466 0.591661385325 0.11598401024 0.711221710326 0.256790513818 0.618916207583 0.715170034738 0.849693699956 0.415539130085 0.752050634913 0.492987824155 0.344314002077 0.051566799058 
0.118945910266 0.544854451735 0.815093416075 0.78465840569 0.707274944679 0.223668663536 0.134066194486 0.947998784989 0.238015583369 0.199282541761 0.34857635409 0.757005591409 0.614364412414 0.123800825958 0.334910816099 0.181567894682 0.996103752499 0.809481948398 0.313158412874 0.369680187769 
0.988848826682 0.23584092463 0.101625493002 0.925298734912 0.00736926591592 0.489255555182 0.596861176024 0.756257546117 0.790069896056 0.977311374922 0.553886986016 0.0682369486373 0.321378278202 0.91410328857 0.289414293682 0.620362537609 0.312877532097 0.13828405621 0.379245570477 0.56791901943 
0.732740144207 0.392898007757 0.0204192958577 0.618437506869 0.929131683382 0.747621408138 0.810524082094 0.567764390187 0.851050048929 0.680193580775 0.54566921886 0.342581989467 0.881255887322 0.512730501064 0.48109175616 0.927259600663 0.464409325024 0.282961831227 0.627751178014 0.789268989876 
0.557161790179 0.280399813233 0.000369033937213 0.576871512333 0.702496902378 0.108950832076 0.932199721558 0.447085665674 0.11549247182 0.61936814741 0.497462766172 0.497009294847 0.517129265265 0.404018136843 0.423696856024 0.593200391198 0.618523571219 0.525345662221 0.718196844894 0.171124274946 
0.297565726275 0.014346697829 0.720654014967 0.708875209087 0.931135223815 0.873204240221 0.862263084889 0.983543996422 0.824697812521 0.0890776440537 0.841860170523 0.326600246584 0.134411654037 0.646922284204 0.149192500415 0.342487020711 0.82476975311 0.732293098775 0.167967620244 0.782978376529 
0.878625543792 0.739932247304 0.656260086028 0.630506756729 0.936585423097 0.473110641904 0.707336237371 0.169143804375 0.770671247913 0.102499183216 0.0292911949607 0.724533142751 0.33040729307 0.995690340191 0.94152470594 0.963555691575 0.166801779735 0.12278824337 0.108978030264 0.494065130815 
0.390857154293 0.59214183516 0.807608589566 0.124563138595 0.336851895994 0.755418245383 0.197989198462 0.22612063324 0.340890383452 0.941559201905 0.506213238698 0.531477307981 0.897949491225 0.517362878597 0.531310833816 0.575200673561 0.765368588602 0.100780200536 0.707787967028 0.273466711465 
0.221878596255 0.400731059052 0.979754232254 0.91360563478 0.712914546752 0.628436171916 0.213955294054 0.936854875544 0.579244986868 0.107021443032 0.685278971436 0.317916811234 0.826821991667 0.0223064772872 0.263193786036 0.334910488626 0.339607821185 0.535412805424 0.320069462787 0.774883540242 
0.0239421520509 0.0167203650808 0.177076037902 0.725682797683 0.131397399405 0.568591216316 0.919771245651 0.562874833466 0.822347599339 0.634996506817 0.583007002239 0.211873118899 0.403233278984 0.808742616775 0.397031971 0.458401810051 0.0469439420661 0.344633254559 0.446920919017 0.724301877075 
0.550089002337 0.851794209848 0.980436443276 0.352772892279 0.107851637425 0.593058056593 0.0477058841339 0.702580502209 0.527042804027 0.781888098446 0.963123060529 0.946821579304 0.12129648921 0.366664042623 0.966459530252 0.0115906067393 0.987481204589 0.785985192453 0.530551679186 0.579705782588 
0.28863952349 0.183209625767 0.798394146897 0.372578740153 0.466635420061 0.791120947675 0.701817484903 0.792347171292 0.0403103989097 0.212932023616 0.769379699465 0.679778764037 0.273989757953 0.584827996935 0.89107446241 0.703682534601 0.420454788025 0.894058202763 0.573953149866 0.405733230765 
0.340725621673 0.555544694663 0.713403776433 0.313587795072 0.502225024706 0.994285249878 0.856539637837 0.190623528769 0.334158652525 0.149345226242 0.105365407118 0.326783179662 0.568931175805 0.746048557061 0.89724141037 0.578426763844 0.224060818532 0.00199259572568 0.145618725522 0.0658303717002 
0.835056782356 0.772826458047 0.730176852555 0.97314956333 0.383574395668 0.798564861486 0.308606041323 0.250304718536 0.72424323655 0.119033238995 0.530061701066 0.808620784641 0.220200448672 0.0499158034165 0.767627370633 0.27859814742 0.745109846548 0.757309474758 0.632730279125 0.482463792012 
0.305216174839 0.316712628755 0.87707617291 0.172422913191 0.364036961628 0.714973063883 0.985140779844 0.461018494672 0.962368190835 0.263231698978 0.118378776111 0.530326364185 0.580329493593 0.248751042284 0.35446365084 0.253040359991 0.864825921044 0.793050410049 0.234621180608 0.413005581775 
0.0288983928047 0.208953590835 0.667299274308 0.205084749786 0.861278819402 0.764518725717 0.026960220649 0.736303600867 0.196246460844 0.654201425586 0.942498950731 0.626028123917 0.535585179141 0.0273206067432 0.973454632803 0.03717000594 0.02506757784 0.393542460615 0.892252814668 0.235972875679 
0.307178871645 0.45195036671 0.627669979777 0.922936395899 0.377892181161 0.663447157589 0.758497170707 0.229479076547 0.0536295235875 0.463270479585 0.15699446447 0.41886119001 0.709110059117 0.176543109324 0.782323953229 0.637000549605 0.628662182761 0.0834912052746 0.785723744846 0.952553197948 
0.574522152578 0.439549348519 0.199212191165 0.31061665477 0.969399108726 0.980947007144 0.951783263578 0.592999364044 0.201619595082 0.272248100699 0.0791055846732 0.363700726642 0.401077912697 0.990810467642 0.52965564627 0.404611183704 0.822967284705 0.814293256619 0.397883881934 0.710358954074 
0.979521115075 0.245691269 0.855240061245 0.221950821708 0.263810327448 0.167946555661 0.701172221944 0.876963950538 0.894176638616 0.294164028643 0.603637034741 0.76713030751 0.671188538431 0.21133067391 0.903219240181 0.742043544671 0.701229924301 0.863454022051 0.285204422231 0.799077355295 
0.345852562897 0.0863950512938 0.165178072925 0.200877205368 0.952902356756 0.888900073216 0.0733422058883 0.763451387621 0.818345710621 0.984306835306 0.0330612450139 0.788919798249 0.557269370907 0.0733856013163 0.50173503054 0.185484944624 0.749267204417 0.564117343033 0.769968005631 0.272885296686 
0.865476543266 0.372530906481 0.555072089258 0.969268478788 0.614386436595 0.495115093657 0.0652911743193 0.80526607514 0.742389789723 0.315783879588 0.916339767356 0.678970848243 0.798660032895 0.241528028011 0.220952268804 0.878025585496 0.135298639505 0.473851034803 0.766759062049 0.0328523259846 
0.636119260341 0.0186310455023 0.720402341713 0.505361086891 0.122867189293 0.303830025109 0.93893673674 0.667004479491 0.205540150503 0.257295716018 0.860865727883 0.163094266515 0.165782509577 0.693638460777 0.219980955821 0.383484080677 0.265778693143 0.537223190998 0.621439260957 0.224767151161 
0.305159692789 0.542611326992 0.53186544289 0.215971400596 0.674748875215 0.725631065279 0.690826037268 0.696461279645 0.2004436541 0.00898538342725 0.0620354012674 0.616939029157 0.976555344723 0.450378473281 0.585431624841 0.867333582352 0.503789813437 0.0914219330425 0.483649958611 0.792088536458 
0.808056610356 0.126057530731 0.0379918563822 0.597845399864 0.628578572474 0.232349484291 0.315014529059 0.282164224769 0.442715450141 0.470901885147 0.223665830576 0.718572195334 0.861193596757 0.997017025659 0.454015219622 0.414984071115 0.971265445853 0.221084266376 0.917519564891 0.775506665447 
0.442609941997 0.583400673289 0.444981081595 0.668435225402 0.0983214442221 0.461519171055 0.218450498266 0.0123660459411 0.0812946623854 0.410162268856 0.8160614639 0.595295955015 0.48128952858 0.657077863955 0.879085818975 0.374567343242 0.575154751351 0.205084209746 0.168146298894 0.657857005584 
0.903524704602 0.854779419813 0.659389826689 0.974688862159 0.398893782783 0.438977126537 0.337150290699 0.528760066568 0.141377369269 0.983777897388 0.808158696905 0.0542592160787 0.445092059137 0.412479409665 0.987509967616 0.565898434621 0.471491972154 0.585376807609 0.0882406844476 0.158388107572 
0.378159321886 0.841632312324 0.711860967611 0.107245354883 0.520550617537 0.893801843611 0.385039506703 0.210965934547 0.283961547626 0.340139452059 0.272826713082 0.155812959254 0.314928894726 0.0730285019389 0.139144123819 0.0390431737091 0.106500061454 0.725258930055 0.763808764399 0.906441952427 
0.109904446783 0.962470460567 0.364599702328 0.642280426396 0.918192041134 0.270843863461 0.091475378621 0.104062583922 0.04260878455 0.20148385114 0.873454428213 0.670455057496 0.68770351182 0.082938328716 0.660411813255 0.0533035463083 0.351859035814 0.720972198064 0.397103842284 0.160136888473 
0.90090521857 0.915204180688 0.207498941252 0.199159152675 0.942209289759 0.761034043256 0.147116728995 0.770474605162 0.250572285715 0.619004571108 0.644142922611 0.37762088917 0.210641167651 0.457561430872 0.876327458787 0.0276277975919 0.926557199493 0.386991929755 0.144041850911 0.441135654207 
0.0192651522611 0.687137376171 0.530362071803 0.591088607754 0.285215336147 0.518753166097 0.600540928074 0.626438650953 0.997784728489 0.451680301377 0.0991096513414 0.165939712966 0.976624903336 0.0125257670537 0.800774340008 0.148324922599 0.267682282756 0.43637301442 0.0164321682154 0.537985228609 
0.431557640474 0.0470532157652 0.79944196469 0.356899880095 0.595395555455 0.709993122612 0.316342375692 0.800914763595 0.507512869089 0.750810633265 0.317753864411 0.84289896703 0.287511601006 0.779216186705 0.110364643131 0.0512951682822 0.91909815997 0.367634275964 0.712841239726 0.97049560009 
0.975832829932 0.610669782398 0.237223005276 0.43512196491 0.612748725552 0.816842093788 0.463229593762 0.167183147452 0.616140144425 0.358056912125 0.419555480036 0.10067870211 0.159993116498 0.798273930101 0.584464685626 0.902169672268 0.898976550217 0.208151267477 0.726667490751 0.941550949485 
0.15874107739 0.755464261735 0.648155665458 0.511955774388 0.747696178118 0.68540904709 0.0272001565231 0.777023415763 0.427818367661 0.796726637985 0.844116977297 0.244770177163 0.537501662688 0.714316979021 0.889645351272 0.374548644414 0.648770799079 0.31631036969 0.548232506653 0.147271945397 
0.968747428099 0.588621047908 0.390214697646 0.941405435799 0.104779230608 0.135861635929 0.261253764924 0.481700997993 0.538390124348 0.315426274085 0.0451840955815 0.830776742459 0.300548666909 0.841691137493 0.201793787512 0.0170549290945 0.352136769702 0.336202505814 0.399197641871 0.885874350185 
0.480487673237 0.636880719404 0.179206452058 0.849028491091 0.0441836708969 0.625598962261 0.950163666001 0.14924425806 0.13319404583 0.270113471601 0.940238530312 0.798817785397 0.147396356862 0.0285224492757 0.0506198888794 0.41491512909 0.387146802844 0.999968718574 0.17282203006 0.20191048426 
0.243131943702 0.254601784685 0.101982271619 0.312750302053 0.662072272897 0.774873404092 0.449299994666 0.874060536866 0.372120020922 0.949020480419 0.859520374355 0.711801346186 0.975408039462 0.795490906882 0.365882165469 0.712950344517 0.407021350234 0.548888085122 0.12114515034 0.226042184039 
0.22020298757 0.0277458755019 0.510271866265 0.541649908997 0.209040353779 0.0170993337734 0.064614595001 0.80428404332 0.268725377335 0.350134230681 0.359671087116 0.952453629044 0.161558784021 0.822973040058 0.395304308416 0.407016042704 0.172452305468 0.330604811931 0.899777163728 0.038701572724 
0.897381994112 0.4823757619 0.280164713981 0.771864804676 0.467455231573 0.238582729025 0.975425951336 0.529250647871 0.563646270363 0.540808215615 0.940717016654 0.379589905551 0.983100598181 0.215192538539 0.718942704094 0.0940450728907 0.254940731884 0.849065865107 0.230574453118 0.352001355514 
0.702064586038 0.725676662558 0.0798436278998 0.26583665267 0.0716641513364 0.137757632732 0.86684197912 0.90837717035 0.727977149676 0.316690800987 0.876436280959 0.760609698465 0.617044789712 0.451301547755 0.691768663636 0.161964072911 0.811167952641 0.494952926595 0.590812261304 0.309936433246 
0.708826140127 0.617294609759 0.205058905363 0.384127467515 0.423905155579 0.339353443361 0.374091170721 0.344737436049 0.442584825409 0.797663395086 0.907578949573 0.69555935116 0.84215947464 0.959904011506 0.263974958132 0.799656481935 0.227307064766 0.67750752118 0.9778108366 0.809990877394 
0.857395031615 0.765494663993 0.633729749497 0.777394921001 0.370820721113 0.710990156409 0.298036240555 0.569753869112 0.13573085561 0.0740426836906 0.411369781712 0.0567223897277 0.047996069281 0.606349630814 0.274015737533 0.629051697254 0.194557123484 0.481028181178 0.277148832039 0.329555952853 
0.294132973894 0.23691498916 0.652858918332 0.598106706061 0.978905317197 0.1460458851 0.937666353628 0.323731545334 0.460374752247 0.267011549888 0.408902854114 0.459784823043 0.793426367436 0.0133715534632 0.378915991083 0.319060576009 0.938756841268 0.212622775424 0.454623206751 0.13258947253