5 100
0.995593678121 0.563268177712 0.223108447211 0.0889040957276 0.0594301815161 
0.487333025737 0.820301727933 0.0125106951749 0.571805732135 0.272352337061 
0.973517155219 0.994508762817 0.946118950145 0.835452221945 0.562142618257 
0.055070303909 0.44128045721 0.775906399962 0.408899214461 0.964837055586 
0.0192262840605 0.533273782865 0.263243491437 0.543226949624 0.167980545283 
0.47916772292 0.925907936017 0.74089498034 0.765894017229 0.0655233777119 
0.0349892606445 0.760594735686 0.691820818382 0.433047729889 0.214569031425 
0.818137912464 0.154631456254 0.406041596823 0.814634062606 0.558658260726 
0.112126496019 0.383136248984 0.920674791765 0.265672927618 0.68904658591 
0.687599070694 0.110624808667 0.0114926256721 0.379778157248 0.555740131652 
0.639633426885 0.176113791982 0.626921824807 0.711789498954 0.28149072453 
0.235501058149 0.986377102958 0.68424345106 0.513519007984 0.906646782896 
0.470861727951 0.800704114171 0.418618728725 0.601112646935 0.558119673454 
0.663815457973 0.973156082437 0.563360112427 0.299713720112 0.346508504447 
0.111378554821 0.280419236881 0.312882770265 0.0180378421743 0.0128119916529 
0.318362590671 0.287977479265 0.513667518347 0.0587564398756 0.772654243773 
0.372637367739 0.888898074031 0.322519631724 0.826639528047 0.065126779109 
0.426733794348 0.787883131707 0.443071803774 0.930872730681 0.535460185531 
0.601134483911 0.925997365902 0.0711481211452 0.190433076474 0.831060553269 
0.805713631811 0.395983398385 0.765359047634 0.397433601441 0.455068703215 
0.409387124664 0.55739830734 0.812871400988 0.329236995941 0.0752844519997 
0.179242862435 0.70676647385 0.62794820473 0.824124187414 0.103001710195 
0.682187472881 0.408927669174 0.929159203828 0.933258759634 0.479538296508 
0.383436203911 0.779330330521 0.865351524168 0.439309454454 0.856975184937 
0.824337818802 0.536290314233 0.113098171136 0.94541964327 0.276156477752 
0.0831305069861 0.888055081436 0.254725843942 0.010217335819 0.826765405347 
0.196025541597 0.140134615593 0.371153350401 0.410075554372 0.646320989983 
0.429027056424 0.510034139975 0.108913787118 0.0209064965542 0.227679100201 
0.866144892297 0.801335318914 0.73116577368 0.99113578384 0.704737599568 
0.77444527331 0.461693844684 0.880912202923 0.241412381113 0.754180372694 
0.527731939572 0.516788348411 0.302876646511 0.69147637997 0.893134519643 
0.840131929889 0.575500419925 0.211515920644 0.474760698557 0.199893504107 
0.123271994482 0.874306127325 0.11139501209 0.126659627616 0.160744675491 
0.208052123517 0.887924822166 0.238907761886 0.418032118324 0.868282497781 
0.271999570947 0.194767337174 0.987515797682 0.701308550485 0.206833446591 
0.239109424744 0.11529804783 0.281113986753 0.669933559961 0.889029734626 
0.0609737587389 0.0454880372351 0.530618773908 0.497970164122 0.743288823795 
0.465773252093 0.346873011689 0.875715108477 0.966804843634 0.507751151999 
0.981782021417 0.0688158011835 0.936327905667 0.347229758105 0.718138980264 
0.582598038726 0.589136219996 0.253657940461 0.762580784222 0.999312448818 
0.243968559767 0.0184303070984 0.172640986185 0.935954757235 0.0881536267032 
0.197050302301 0.690996413715 0.618397468937 0.982857687682 0.851597253106 
0.341567855532 0.851881866913 0.92937130859 0.957746885483 0.922576797318 
0.620329281124 0.585553934782 0.979946047316 0.870274543242 0.201436045385 
0.860659047862 0.338646279644 0.876241403198 0.968082662772 0.324939651232 
0.461677595698 0.953104642895 0.00731000731572 0.0801172887213 0.697971250693 
0.319856385243 0.419404183387 0.222873103815 0.924479118789 0.261429565195 
0.722354797412 0.464092332942 0.597542321052 0.107958226482 0.203144422171 
0.309553474794 0.755188635104 0.75699789041 0.302879248492 0.123937239242 
0.18499784984 0.367457971967 0.68171613059 0.750723181238 0.172931833931 
0.883430769712 0.399171668183 0.507802410854 0.345383198343 0.824879887224 
0.730154233889 0.620786453046 0.619032966644 0.703888183619 0.855643786621 
0.441654198326 0.345839017401 0.76659172632 0.914369279791 0.738506124637 
0.264167845094 0.527175925179 0.564219166781 0.733889500325 0.745791699361 
0.340320715262 0.799827909393 0.674801216158 0.304896190286 0.246528063651 
0.21959075217 0.156701493026 0.108280118277 0.413477659095 0.755754073835 
0.931896763255 0.782681180458 0.979787321001 0.252322236339 0.608554475918 
0.325293476957 0.676362831677 0.816210674123 0.393384223804 0.382278936976 
0.13021025339 0.438997643841 0.0371346337281 0.00705693723874 0.455642489466 
0.652901579194 0.923061610667 0.903232921952 0.258582443131 0.0318507070679 
0.0278334456207 0.541895214972 0.346583654392 0.766993354268 0.156766238101 
0.804392698948 0.536624415671 0.460196934254 0.850134894204 0.817278218207 
0.733132614626 0.941332199427 0.450820082295 0.630573686486 0.976047165216 
0.0095575628984 0.530530749728 0.362131875641 0.548434608771 0.274049564724 
0.835022220091 0.512966302666 0.892274453173 0.599766102572 0.21909039824 
0.522513800841 0.234759487569 0.673597834234 0.904545270025 0.114899634131 
0.00477770817332 0.0303334974894 0.600731029137 0.5213427343 0.258347730365 
0.713560456584 0.669613310356 0.236048134195 0.581926489147 0.323155055901 
0.688769897993 0.537447357863 0.0718281987514 0.420229236339 0.492712556278 
0.636592867002 0.161067724185 0.874035342712 0.14268860782 0.604609718118 
0.113935831324 0.384643963251 0.222064750781 0.300106723063 0.432117058338 
0.512160518985 0.246020894588 0.384524250044 0.137471425611 0.895456130327 
0.249930453427 0.987294338682 0.656931347271 0.2960824681 0.507897912878 
0.39234644261 0.592813727413 0.75303992625 0.077969986048 0.0900021982598 
0.968477662719 0.614407308054 0.788196637461 0.708830332591 0.968152896236 
0.351229356627 0.3066669958 0.732917806661 0.0396846150688 0.256130177719 
0.514803975246 0.235680524351 0.252102804932 0.759066844576 0.0922333653561 
0.89683471523 0.670736285681 0.683713465884 0.104171044461 0.574749537126 
0.227399594309 0.333687807088 0.813749258017 0.23943717341 0.236323736455 
0.60030866787 0.241301524528 0.837877155441 0.867847175634 0.983755164605 
0.130367083004 0.918648598887 0.470622530374 0.568144221029 0.451394921721 
0.386528936896 0.238564703153 0.800344952 0.415635507511 0.744932514238 
0.393727056222 0.703491463541 0.754311587723 0.0852289912433 0.410682287387 
0.815858898632 0.841390535126 0.0948492212293 0.962111800157 0.944577263404 
0.984774791348 0.44010635884 0.97619691135 0.0451826828928 0.0576996697671 
0.491123337424 0.291571372325 0.836241977011 0.472514745387 0.164828182428 
0.506449811209 0.595144222746 0.53416738136 0.663926060446 0.594020220831 
0.317119867597 0.405233773334 0.10109596181 0.652204746062 0.484799087826 
0.988613903088 0.788586322245 0.549817826421 0.340714940336 0.435194452586 
0.408291863527 0.714363896866 0.240331441007 0.076441270237 0.444480210608 
0.897843176571 0.505674537772 0.433854621218 0.613479259942 0.533702226082 
0.39679954129 0.672057773386 0.0426012155777 0.0431858170554 0.391073070145 
0.661184433817 0.150271677465 0.768579113233 0.589078581902 0.594269827596 
0.855343557069 0.761447306203 0.266155292448 0.618552558171 0.978934584576 
0.721805528957 0.822982019716 0.959004285015 0.719342773494 0.841580814415 
0.372051837317 0.689303890987 0.451924554202 0.607897337116 0.127305754176 
0.764769259583 0.506758600588 0.529792622092 0.13229108685 0.126529342751 
0.485980743809 0.467939716957 0.962297900238 0.913596366835 0.674208405283 
0.796751571664 0.809353147293 0.895142229712 0.678916803833 0.599814328116 
0.142332208279 0.32141415348 0.659566790233 0.311993205872 0.120625841738