15 100
0.230653427975 0.0669920552373 0.696047116997 0.953863554653 0.125453492821 0.0325236772671 0.666446600135 0.870428544398 0.115035440899 0.171956131667 0.18294618934 0.564258182095 0.869229386337 0.730531234788 0.0549804169638 
0.587282095368 0.535377067335 0.250008737599 0.608885897368 0.932176395868 0.42443580803 0.886069204565 0.914415083909 0.513615540517 0.946646702262 0.485612904088 0.120942467815 0.833879730808 0.563208276541 0.671067239659 
0.66823215706 0.414008069072 0.380599527671 0.00868073613626 0.946847017305 0.752235677648 0.508307456646 0.940658201153 0.0568933880375 0.165507017554 0.136728242385 0.232903921443 0.316758637414 0.19592723703 0.587498740126 
0.616263044061 0.537093268368 0.267984429783 0.647333683115 0.457619630105 0.316371994577 0.961291345119 0.942496925757 0.497493474562 0.293808389514 0.90653731489 0.30088071846 0.498455215208 0.96609975819 0.957586179496 
0.435312465213 0.340991296053 0.291456791051 0.253258427021 0.769803756396 0.896400345736 0.654170691156 0.595039079063 0.553886813213 0.233100506371 0.794930380677 0.265846618166 0.718870623936 0.0585309552687 0.790073118582 
0.926044704425 0.535910375257 0.481309192685 0.99457578074 0.703709488689 0.0739647278368 0.3396710778 0.452535908547 0.358164024684 0.00158689930466 0.0364835807168 0.747391125717 0.313408997858 0.107021439961 0.854051925298 
0.830495008769 0.249084943382 0.744071946526 0.57263885082 0.651776017284 0.761908414889 0.642163459223 0.881924766398 0.726364395749 0.253360678749 0.38138335424 0.0100151918985 0.236751934336 0.245739714756 0.327619188399 
0.512812846614 0.831462356011 0.804384724005 0.47476456385 0.51744875756 0.829833268689 0.284983462523 0.991120133047 0.727919356539 0.0185317717398 0.819403199619 0.205546128161 0.50477857345 0.0188145975368 0.0537655012518 
0.903329678811 0.0199846615141 0.121688070191 0.194378872183 0.162083698307 0.819925589346 0.238380125196 0.933723308914 0.48817328646 0.509370688922 0.0203282811645 0.371926280452 0.362771420743 0.832465201405 0.408559929675 
0.39994735646 0.574338673538 0.873211007223 0.256591412832 0.375636014873 0.351924393331 0.38177587664 0.355553445009 0.332313609176 0.660726209365 0.860272343946 0.351509528722 0.886653632281 0.553413033312 0.249878081867 
0.682224501339 0.186278062533 0.269600096089 0.657977181917 0.347243215817 0.491704220362 0.918194225011 0.740934485819 0.286217416104 0.31300375217 0.689005062346 0.956961949675 0.704510608892 0.114350275068 0.919604022528 
0.871918232868 0.557665227286 0.89111662181 0.782786033165 0.431414101275 0.690772805578 0.185412401068 0.315651328711 0.261727991629 0.0697707948753 0.264496884726 0.792983373283 0.865298097999 0.154264515969 0.892921778698 
0.280602741656 0.599052126226 0.395925221928 0.907142478977 0.250295966533 0.282891230042 0.985455099776 0.939927580343 0.0135924201597 0.770977060643 0.446277765646 0.368209700545 0.235254243809 0.491328217271 0.383036991695 
0.976685706682 0.859175592199 0.0218037308778 0.0608052994625 0.0120561731459 0.691184315915 0.843718853808 0.542165615861 0.346347905034 0.179162587725 0.650828576166 0.995325511246 0.333223351636 0.921554718452 0.930352561452 
0.49895273009 0.219527747748 0.692116406595 0.636634025154 0.92210693339 0.553202774914 0.2091991024 0.716550006437 0.374168608558 0.487403027423 0.535474892681 0.359946956672 0.404555526459 0.502670098972 0.847525260389 
0.221701692743 0.867982731966 0.586837915426 0.179606967943 0.704414471651 0.0157282669319 0.645457075075 0.489996624819 0.265689995023 0.161705780495 0.914866515179 0.342838844355 0.120296175841 0.880096260778 0.0993954264104 
0.839005729714 0.458712008952 0.489760001853 0.982258276926 0.294643632396 0.140247359693 0.309581267766 0.889322248688 0.239546593287 0.417071854356 0.646517020929 0.671106353479 0.47000450165 0.600647631614 0.582122242596 
0.891336254664 0.671874932236 0.382454298621 0.22558208955 0.121198926231 0.464621162531 0.315971767151 0.265261914468 0.81473114184 0.925573712048 0.72096256846 0.558648923523 0.935705714869 0.681503692561 0.628512238871 
0.887837830712 0.472540818053 0.409205767627 0.535640390424 0.159779532473 0.0309444908716 0.162297250504 0.798610805107 0.932805637696 0.928859554807 0.198448050052 0.0326098731532 0.617278477483 0.609960538551 0.906039453652 
0.343347358785 0.680776971411 0.343921740097 0.411648054629 0.25252775432 0.22499887469 0.579429173963 0.240952420104 0.994374668499 0.143206076324 0.486183618076 0.313934706626 0.924165668135 0.0497389896907 0.640454837768 
0.106614774832 0.949690946481 0.00357020222791 0.00570453720361 0.508718904022 0.453777829955 0.822203999661 0.878640445483 0.278496088498 0.167552851839 0.297894009478 0.945444324984 0.355356867501 0.0444134725109 0.289874391799 
0.21816449129 0.854394355352 0.0898923893494 0.253387159173 0.584992718973 0.768004210049 0.0366695956676 0.488014542653 0.129328438115 0.0711297632903 0.466940039602 0.401138845172 0.869716313818 0.386518444708 0.0123981768448 
0.502170250321 0.233648115724 0.982120643692 0.00721915664999 0.722215843031 0.0806820972732 0.630858148744 0.68748194689 0.85298044721 0.178040561478 0.521562319465 0.716118571396 0.581578300125 0.672374214806 0.710396215425 
0.706149452771 0.801232148664 0.262953676871 0.524155051042 0.988594202562 0.603913686066 0.0615471843355 0.381337366741 0.155719595448 0.528501537547 0.734465883258 0.0852644454728 0.814480232209 0.708286583558 0.445404038516 
0.480761869711 0.369009668147 0.539621521124 0.436892617661 0.253923854638 0.814803141024 0.391901929097 0.143954925305 0.668329471084 0.632122268229 0.89532105372 0.662891337649 0.0543337573965 0.298337887407 0.946675141986 
0.567134025838 0.689827159482 0.676287572408 0.589279002238 0.0790577239234 0.954173570486 0.769146048959 0.405366289634 0.158687520046 0.0796155553119 0.7436342081 0.923419283393 0.269659455435 0.37915833731 0.64314684824 
0.878972964978 0.915384690955 0.240403808369 0.607860821822 0.213101208698 0.0221007266427 0.294113135171 0.478213598426 0.986170567312 0.274007642753 0.824020301373 0.753143498718 0.793626392646 0.608907672821 0.0659218790755 
0.416016932979 0.641501811672 0.399335444007 0.840248370519 0.776199628945 0.704863406967 0.364222580568 0.547317709915 0.220455862768 0.828340192664 0.53725473443 0.935129155912 0.719019472004 0.00955218536743 0.732948886991 
0.286301792833 0.523617172199 0.377977952003 0.141299977694 0.73322860555 0.990933801355 0.567131524052 0.473625404847 0.00928538936141 0.55892897574 0.047398881779 0.803312804234 0.918500474328 0.531137607566 0.523595210666 
0.00285896266769 0.375145597398 0.798270619628 0.693837995775 0.393057037852 0.296343713416 0.579100502629 0.601423754168 0.296084826167 0.44140259074 0.147042511698 0.487329451919 0.177290264234 0.949519948469 0.611666687579 
0.128743421479 0.980133992532 0.341055085144 0.556708638265 0.979659706949 0.0874041458853 0.219829491477 0.45338873508 0.391558601988 0.64419483797 0.0799256518916 0.271921761312 0.911760858409 0.788977276963 0.138824390988 
0.568756548283 0.123748122077 0.567404933825 0.0338445242334 0.233410511284 0.547725908748 0.51940502859 0.683682490035 0.215297239933 0.96205805991 0.267063559081 0.436294426351 0.692943922425 0.355417279688 0.50236131889 
0.750152678852 0.310676124902 0.388485495532 0.483316591403 0.0158295522759 0.670368058919 0.407832904738 0.290854860332 0.975880074954 0.89682882795 0.986666847048 0.36751030379 0.366405282531 0.0587660871757 0.120440487115 
0.814862121154 0.958710473345 0.0692567927008 0.0923714672129 0.476851090269 0.589955181499 0.15881556898 0.260802961892 0.0293575044696 0.890597528316 0.860666376483 0.248668533959 0.637888390859 0.987970497136 0.335129148339 
0.200535018182 0.285761903607 0.349759683009 0.306967651495 0.192662863364 0.290935202005 0.594111264185 0.069807515764 0.14051404941 0.088668130149 0.379130079793 0.341592591717 0.71982567976 0.340701566202 0.775228328685 
0.689960779776 0.940677241495 0.482977318045 0.518121951118 0.102281940263 0.461201335713 0.46264799217 0.0969404378214 0.93617330146 0.871828008191 0.48537947601 0.376020627747 0.325036944129 0.0520885661854 0.480552656061 
0.388965172115 0.266401547123 0.115651272741 0.11266967429 0.473130164092 0.270092297338 0.116172313834 0.996680501938 0.504947912115 0.445678582409 0.0560865060965 0.0820575094703 0.452815866889 0.985519707313 0.154753365917 
0.141479044445 0.419774217699 0.00970381348118 0.619206118768 0.71465896176 0.0893357397974 0.353146931271 0.441335609481 0.641958984579 0.822000896705 0.724725262891 0.647258358465 0.676704959291 0.900162268763 0.959635235674 
0.343835740952 0.95364437016 0.320575629871 0.996104769589 0.117294360818 0.394617058454 0.478629486352 0.739301671229 0.870721063933 0.576270542641 0.0376323211465 0.397913574757 0.0370952066581 0.877843921382 0.356945690486 
0.592662991609 0.730933940278 0.491154220167 0.736219313248 0.216662359666 0.646203681251 0.518320688209 0.94880031465 0.961774335398 0.320751879633 0.858128020977 0.122374360331 0.392611628932 0.616193434109 0.944106918881 
0.135770013104 0.849960375528 0.911184979461 0.804680167346 0.554702921554 0.481271158613 0.3948686828 0.132527810279 0.47912065183 0.526890641987 0.767454380564 0.312383908361 0.518617162128 0.43172421577 0.403292226246 
0.127817991133 0.834641891358 0.447055011101 0.434794950136 0.533297420038 0.865125811104 0.963174039614 0.0226976906269 0.797767728982 0.748230427468 0.17695739823 0.731538805598 0.949318746605 0.87232713745 0.787942008451 
0.336223174285 0.399073530919 0.855890496092 0.378990100554 0.0276990842283 0.698198860752 0.630559127399 0.032235397747 0.219717740274 0.389651130715 0.584720807232 0.0580719459928 0.800271196116 0.460625187336 0.422378824858 
0.404843344976 0.170591538043 0.59046880098 0.440391214583 0.844094810963 0.70755435736 0.536614253008 0.219524374009 0.7512758346 0.956417017452 0.738846261723 0.653942536208 0.178133844376 0.617871007685 0.377220129911 
0.69241821999 0.211597914593 0.813018883163 0.502369792894 0.155208367565 0.241240522083 0.22641991111 0.704171715736 0.126806258833 0.59467353829 0.628726500633 0.522064899942 0.159816039671 0.965108045251 0.475078396077 
0.207714630239 0.314333447587 0.830435583606 0.822382439339 0.46730950349 0.346162835319 0.184528405214 0.770773319213 0.0463795911002 0.655200585212 0.626871219818 0.193996427355 0.269836143808 0.361258075076 0.920258956808 
0.914480375431 0.186818786605 0.371066310911 0.0926755243273 0.130439336406 0.810052018056 0.710317607625 0.920788021831 0.928114307056 0.459775956934 0.137705280308 0.102572981505 0.257859334902 0.132441315946 0.383438544309 
0.09880765205 0.538206831788 0.104305532363 0.367301974063 0.495530955565 0.49058168241 0.814612826056 0.382931024521 0.873662011514 0.524785073939 0.348170805128 0.864757842679 0.783440227492 0.0094642531968 0.909953506229 
0.898174756315 0.0406479485779 0.656880209753 0.0621402973613 0.142572282596 0.834719030634 0.243771005466 0.027375191828 0.105081449313 0.808520215096 0.223421728327 0.184472572406 0.938985220457 0.977603703574 0.686794918374 
0.0520635883856 0.0730005469466 0.0332304708766 0.50339647133 0.856381626022 0.0293641380933 0.951948855214 0.853778134021 0.819787405415 0.228032601911 0.400701182386 0.0346269971953 0.438825753615 0.399707243814 0.830641738447 
0.157487950467 0.685922821379 0.793393849226 0.878301956398 0.997199657854 0.0763308879387 0.263621132572 0.379143230202 0.354880525183 0.615231747721 0.0131510068359 0.576807931941 0.721619245391 0.168438822483 0.719714890931 
0.796221014191 0.362305776566 0.300204559496 0.40263787741 0.540489473365 0.125878389079 0.345604202496 0.757749836081 0.152262939112 0.27799161413 0.12559993112 0.11223483922 0.0626992663924 0.00765191839721 0.241367935141 
0.379085877205 0.363408285141 0.840714885771 0.552734613719 0.124411286062 0.81267137939 0.223182867702 0.262240145893 0.870166453949 0.691671527903 0.0875180976192 0.508461043621 0.672310586939 0.625156123763 0.701080885799 
0.218156520274 0.672810136874 0.996817746006 0.310031762376 0.71614030437 0.405117936819 0.647057779913 0.30233650617 0.182640834826 0.399248619993 0.190093647867 0.359017643349 0.0566407963178 0.105206175684 0.0566667824273 
0.578261953475 0.394397115089 0.495320406247 0.466721385102 0.534127888219 0.267499906123 0.0535744860701 0.522269794683 0.529800135058 0.77555714879 0.984992366031 0.0508220173755 0.392943173834 0.14087627848 0.552180058993 
0.922837641225 0.708769562784 0.27586254342 0.446125778807 0.322477570806 0.245405261187 0.824818933908 0.81618205665 0.42457330672 0.989934684177 0.847480054359 0.419646051376 0.252480410905 0.228840147651 0.272376433806 
0.758387882873 0.346803412128 0.0399459543971 0.636428227194 0.216257831953 0.529532896628 0.77176009001 0.168434478315 0.417842768913 0.290791559963 0.327853187914 0.362591207328 0.90768208569 0.178259089374 0.561710197425 
0.3048237397 0.285900083678 0.837485145726 0.0726900730189 0.63206705974 0.00502056610689 0.215823467121 0.634567913336 0.335054750564 0.907657213902 0.857432748472 0.41467540137 0.541117323749 0.217084099912 0.901389242883 
0.416632714013 0.232263826843 0.10715985061 0.999825446969 0.276198758159 0.20508013846 0.797218494254 0.278893850105 0.114788262739 0.385612969218 0.205133353101 0.53591244308 0.247608530645 0.392886355429 0.491119658402 
0.105083138753 0.363521419028 0.372798042489 0.347821717216 0.385404210198 0.619945945203 0.410136313603 0.455267034543 0.829454225988 0.757656286568 0.330721229495 0.126107115118 0.544898570719 0.690650529353 0.8017323874 
0.843124180046 0.996332055449 0.00809458584827 0.82816435473 0.292573566922 0.277498404022 0.34748921495 0.496794450417 0.511281016036 0.250520284448 0.656558410691 0.853296270094 0.276304423874 0.569186558935 0.870820179081 
0.521813134515 0.315233407274 0.286682854639 0.862546305038 0.894630625262 0.496850773235 0.679159975824 0.933119424934 0.898869415088 0.466161403565 0.504974515121 0.437157232912 0.630521249671 0.0670525355865 0.643703521932 
0.345222661479 0.764847403869 0.217774034565 0.711354118058 0.151213902656 0.486823284072 0.833665102836 0.544704150764 0.972271043402 0.804162095794 0.86090908801 0.951434714779 0.000291980918231 0.697260880748 0.72817268166 
0.945274198151 0.219318337762 0.0417956003628 0.00838811720725 0.708042318606 0.368267917503 0.543827343102 0.874066052847 0.652110968188 0.698580595986 0.897029755574 0.0231742897447 0.521802166479 0.463622262393 0.21566909147 
0.0929355812421 0.505514357646 0.0927699094301 0.0672180039317 0.118063263551 0.993210006503 0.493725400371 0.0963228137377 0.436322292376 0.40387609405 0.646281801457 0.328403767596 0.233768203392 0.171734040316 0.850303592339 
0.00984106003096 0.581393980294 0.195446073103 0.452494914752 0.805663500212 0.0943908581895 0.779311744343 0.42155205047 0.0673941549091 0.785410977015 0.570533113326 0.984428413411 0.474733078468 0.145258616213 0.752913821829 
0.143001593219 0.418460716924 0.684708913881 0.0679046713671 0.858403904126 0.0347009292877 0.738769053465 0.563022003682 0.452178743858 0.395228574076 0.0427384464876 0.230336288289 0.393278009547 0.840296445905 0.464591854781 
0.766286034118 0.528046057342 0.761875637101 0.574414236001 0.653947748889 0.744632798557 0.857558302652 0.22707876066 0.311409699704 0.889501851574 0.601408843255 0.860524869048 0.675865431962 0.18298199575 0.092363140286 
0.425866470676 0.0564729470107 0.459935183308 0.821344666648 0.596788952851 0.104911090161 0.525652239935 0.387123563952 0.377279759669 0.573296786389 0.679120864933 0.154743207885 0.386850566334 0.495977428311 0.409391686345 
0.755315841846 0.129636203522 0.43144003126 0.203411353456 0.38688155747 0.984818962002 0.131488732146 0.255460766809 0.398476534899 0.336698552175 0.770285314074 0.374649215926 0.306101827379 0.152005815462 0.0421649023189 
0.16529127819 0.435972288806 0.619437437256 0.535825776956 0.246762316522 0.774941224933 0.747851717723 0.480719411052 0.559522185748 0.668371414862 0.197845856351 0.729279245039 0.440220387357 0.290133593754 0.113082755062 
0.0486249860702 0.21411473539 0.63326021262 0.0240438943284 0.276624227638 0.558811764594 0.748045123992 0.362225137402 0.0915209541047 0.390027023491 0.224010166113 0.0458121728666 0.47678010133 0.783167298639 0.825572645601 
0.0666460862256 0.689060100157 0.777434908361 0.818112255024 0.795849918735 0.0773216715816 0.718328612258 0.800500043339 0.437460339973 0.710250130413 0.532497670474 0.803077485946 0.529930418798 0.0337298445846 0.689828495553 
0.366637566629 0.520763857897 0.980252945875 0.372316795679 0.139807124786 0.656878374028 0.676783986784 0.82131914617 0.132403778643 0.101380890932 0.764232673726 0.996862149033 0.133011593735 0.644916598132 0.694535186514 
0.883661265403 0.559146132562 0.471626934211 0.661544871257 0.0847568763315 0.0209724667982 0.450196965858 0.501487901614 0.616660901044 0.149325309755 0.837702347937 0.238366452156 0.160711104915 0.755575963477 0.494786816731 
0.88448734261 0.119057348052 0.662959690324 0.0219584910559 0.407192803195 0.90231606046 0.462444252637 0.753048609578 0.265058256325 0.7142219533 0.0738226468814 0.567125978139 0.708933545788 0.466550679902 0.889067853541 
0.775270210474 0.134430659183 0.497731360218 0.927110812811 0.467670087481 0.175723075879 0.285613533732 0.658148448928 0.498173652871 0.636958520311 0.0885996833226 0.997745741639 0.93145861383 0.214513752194 0.494707220413 
0.394222296538 0.56164594694 0.846373721124 0.0465777667649 0.987851160878 0.824682316871 0.379829565102 0.336967012802 0.0160313441979 0.973905143722 0.722835862153 0.395729250741 0.907041156338 0.668174750874 0.855518705485 
0.0636640245969 0.546937908533 0.208658233539 0.947585154602 0.259811126421 0.648688862509 0.510662115805 0.352418958643 0.10452368383 0.440637855914 0.987847114914 0.165172968826 0.150659947995 0.401003611364 0.236051302835 
0.487966594678 0.702185165896 0.1325076784 0.313788762526 0.612602357043 0.409962004918 0.512647309259 0.333133887044 0.720754336185 0.303692156127 0.991007309346 0.101143464532 0.549345404413 0.563645340775 0.97533475252 
0.210914297306 0.0553953505356 0.170321229246 0.26883017924 0.827549093916 0.632592201363 0.541126089065 0.656366843513 0.591886187921 0.97402432558 0.302420100036 0.837778000158 0.140621534288 0.314191587004 0.313461267198 
0.479019243619 0.582581422245 0.911251760354 0.932271403109 0.879786198192 0.407371410181 0.291661819467 0.191040213681 0.0281583930694 0.636423213011 0.934613846321 0.869505250921 0.273666192473 0.480517875408 0.52174250985 
0.0162601299041 0.0328567304221 0.228475646486 0.770593696703 0.298762952275 0.375124540122 0.681859068361 0.315165302223 0.164324498463 0.233593303057 0.445286680403 0.313201514061 0.45807285833 0.466572786998 0.101330581615 
0.927641669648 0.496859192281 0.477452945855 0.362866563776 0.054649779315 0.582871327341 0.994668903393 0.731929286916 0.831417090167 0.00395808716926 0.0658922355029 0.0155093523261 0.314597876972 0.498836647907 0.33005519582 
0.603453260356 0.724945771746 0.512419728403 0.0861398477713 0.758016158912 0.953546421741 0.849638829648 0.369650721061 0.37770868733 0.0498790293266 0.866161381059 0.687999744465 0.965722587148 0.986811104536 0.903353923693 
0.901231761324 0.58969938154 0.73301450893 0.495811191417 0.258676817077 0.610747103715 0.870355512394 0.686543985277 0.756712002897 0.0319665845872 0.315020362875 0.810324473594 0.757649416442 0.715644560041 0.452219815196 
0.470699683285 0.886044963899 0.151921754026 0.502469096978 0.106196619753 0.0168768969182 0.620588471956 0.119038068947 0.0139411919487 0.742094534318 0.665365110477 0.844384431012 0.399894773742 0.219033156026 0.0265549088908 
0.850439200984 0.703038804287 0.960256376725 0.242214198734 0.34321077334 0.286598501778 0.56800173815 0.0243425164241 0.0652477290597 0.688073827096 0.140280154989 0.755136289207 0.982560390513 0.856927810188 0.598222560719 
0.354952014588 0.3504799199 0.631141323397 0.288930850161 0.465373534298 0.731828635868 0.693148097632 0.322006372026 0.0494430774226 0.762374936001 0.446500607436 0.83269272343 0.739422810215 0.765936830392 0.211076375046 
0.663935962622 0.683053127197 0.763009941613 0.747613506674 0.424604719883 0.513717511718 0.796949139725 0.849082842606 0.944721822353 0.399097630963 0.776785860785 0.79367081288 0.967824053497 0.87409895685 0.793813061039 
0.482678391902 0.472751421478 0.173698034486 0.121102831301 0.675827490479 0.412995032764 0.324009393986 0.912437533868 0.164438740737 0.220976532839 0.0873477189777 0.573712310674 0.275896501123 0.972460448995 0.620575891769 
0.876559228553 0.0144452066276 0.465354288235 0.54650323466 0.317357656066 0.418212672762 0.308032219115 0.460632868323 0.901143572434 0.570565300752 0.204493532853 0.594374951674 0.889451547893 0.0173407586331 0.517616160743 
0.780710220195 0.687829936279 0.457544393679 0.663663945606 0.00390234706443 0.331105518591 0.127163802576 0.517290487961 0.884066661579 0.909943360743 0.568810275062 0.429212907763 0.879699457061 0.428930971781 0.107819940568 
0.899741187413 0.245361589976 0.0880551293934 0.681943234344 0.690128509853 0.471721943715 0.37433135281 0.241143193832 0.575419024904 0.591877819949 0.0228199940005 0.84000809661 0.30137605074 0.444736767856 0.698309754967 
0.472605334119 0.638122453282 0.855855566921 0.0703413895622 0.692055337058 0.894075997782 0.367807576695 0.201072774232 0.510388086706 0.85465510605 0.197275745742 0.817607136945 0.502849644017 0.58373315022 0.308096836991 
0.347958949402 0.418419748573 0.798149410936 0.991686590926 0.585561879093 0.364967720936 0.402248913754 0.948622262239 0.968514260318 0.382928119328 0.886605753162 0.219242653107 0.104218609492 0.670932655362 0.0416196076248 
0.760359622418 0.600145484879 0.66707613718 0.388122245636 0.0337384501246 0.716959588235 0.404935242769 0.121773583255 0.594599834969 0.172088335197 0.0962106226394 0.614832014255 0.16956852375 0.175444914687 0.958192767275 
0.475303581644 0.285899182037 0.970252505786 0.475816467757 0.335274042423 0.709213479057 0.0454358775741 0.711040921548 0.839702090861 0.00982488990749 0.33159258835 0.937494265859 0.255931730545 0.102411815888 0.505556110695 
0.521118376836 0.382583334071 0.063640611743 0.611607569882 0.0270029840741 0.513878526908 0.446609734654 0.719330692303 0.240857207188 0.694939324637 0.606042006187 0.857868171277 0.40252306371 0.371696235884 0.981972480665 
0.475293385203 0.315718725703 0.507677148663 0.347469617504 0.526262954801 0.00949386920408 0.38955753068 0.924721284438 0.0685322012666 0.365047933479 0.694810051634 0.544887938439 0.0385247969667 0.62920851909 0.457025071534