2 100
0.0702920608188 0.327317292191 
0.619149128874 0.886597512962 
0.539454471511 0.764769390973 
0.888647074067 0.886801254637 
0.499812510895 0.997981257433 
0.469969491469 0.282113230876 
0.233687063704 0.632295193386 
0.545937025853 0.782501120567 
0.686561235538 0.741161597772 
0.7380068501 0.91933534308 
0.820343211371 0.895823563008 
0.344561001403 0.749767440976 
0.540625909038 0.823386373065 
0.255452708307 0.174398327628 
0.217158535632 0.159418388721 
0.985930096952 0.331398602255 
0.836020183024 0.725490713227 
0.896384754372 0.119012809818 
0.0656897202661 0.5844235322 
0.248539217978 0.640683644771 
0.647461384663 0.096784029789 
0.789916080446 0.665695235734 
0.99501873711 0.913683781656 
0.811593542951 0.982461132012 
0.198406557841 0.112483894541 
0.0902125625764 0.939272191538 
0.603628028715 0.955972830001 
0.801459003626 0.870636213752 
0.891541433168 0.751511235228 
0.303721654594 0.643726564494 
0.538695157061 0.141925744562 
0.876077753363 0.568041121807 
0.0602244738636 0.779736227531 
0.42274208412 0.576577604006 
0.0871220517828 0.309677282967 
0.890377804348 0.570388105567 
0.754178894206 0.577641230295 
0.173335766589 0.905234669911 
0.0196480517162 0.193441225948 
0.326795106057 0.776204533312 
0.250762031118 0.420338898033 
0.690532013093 0.0100317366104 
0.271466799349 0.70679646877 
0.724890561387 0.795115376598 
0.360620322873 0.493346509621 
0.40143308089 0.742815607762 
0.761127778361 0.467178920796 
0.53505700101 0.410810021307 
0.780159986568 0.652941087837 
0.792825045295 0.124822367151 
0.300090963559 0.585770161658 
0.198382184529 0.524433414042 
0.911932616954 0.754667416688 
0.612083828184 0.00966828356488 
0.0171782814311 0.0318368091016 
0.8169482725 0.888127715657 
0.408760505258 0.84545012795 
0.192776169615 0.732591489833 
0.389124434691 0.75528245171 
0.0477177709131 0.583794919432 
0.0714382727685 0.312744360287 
0.595346688735 0.478312221989 
0.531142310264 0.897571341956 
0.558850366966 0.550600868853 
0.227571758441 0.496340579473 
0.875081311052 0.871161078316 
0.153345247888 0.309500079889 
0.105004357747 0.947592408797 
0.616414758058 0.971023434527 
0.775620772732 0.941113089316 
0.85388263759 0.939738348439 
0.604167626481 0.978795359849 
0.147506010135 0.0022099618816 
0.736818159132 0.434625428681 
0.277379024672 0.968808003752 
0.646251586515 0.358770990311 
0.377406248129 0.982526585403 
0.416633889103 0.48085743865 
0.575681453572 0.274995812881 
0.862427636657 0.625683314795 
0.776415270811 0.222538932089 
0.710435731111 0.397452359998 
0.54898009228 0.478528199848 
0.957852046042 0.429306306564 
0.79884786488 0.750343399386 
0.200720123083 0.835093187081 
0.0171405065069 0.1215884632 
0.108852901173 0.570906137374 
0.278121797621 0.370824487772 
0.395745167642 0.678032152072 
0.73444763945 0.224889516209 
0.480491734417 0.831292516698 
0.427213688413 0.0100519643219 
0.814054705406 0.221887104814 
0.704307334746 0.532957445092 
0.127554280216 0.0112663921013 
0.527970374201 0.459195686623 
0.494176318752 0.629540141056 
0.184839920998 0.00909214401118 
0.0310233965974 0.325201500067 