0.0702921 0.327317 
0.0708922 0.329329 
0.0730705 0.326284 
0.066871 0.326375 
0.0716225 0.323967 
0.0742055 0.328528 
0.0664603 0.328962 
0.0734021 0.330152 
0.0731394 0.33057 
0.0717707 0.331701 
0.0683084 0.331783 
0.0747755 0.329499 
0.0707632 0.3336 
0.0730399 0.321088 
0.0759745 0.32204 
0.0665406 0.334198 
0.0782343 0.328662 
0.0781319 0.32538 
0.0747954 0.320423 
0.0632614 0.33161 
0.619149 0.886598 
0.619536 0.886645 
0.619614 0.886939 
0.618001 0.884164 
0.617653 0.883728 
0.61771 0.883472 
0.623124 0.887899 
0.619407 0.882184 
0.616203 0.883152 
0.614415 0.887296 
0.619827 0.891415 
0.624574 0.88557 
0.623603 0.890372 
0.619347 0.893132 
0.612619 0.888753 
0.625771 0.888832 
0.614877 0.881001 
0.611949 0.88709 
0.615411 0.880356 
0.616657 0.893678 
0.539454 0.764769 
0.540702 0.766569 
0.53771 0.762898 
0.538424 0.762019 
0.540688 0.76198 
0.540027 0.760779 
0.540181 0.760684 
0.535263 0.766579 
0.536009 0.768153 
0.536948 0.769325 
0.540857 0.759185 
0.535697 0.769191 
0.538434 0.770659 
0.545339 0.766478 
0.545448 0.761082 
0.544398 0.770038 
0.54461 0.770506 
0.546086 0.769047 
0.541043 0.756764 
0.531121 0.76533 
0.888647 0.886801 
0.889923 0.888035 
0.890361 0.887624 
0.88806 0.884642 
0.892479 0.887033 
0.892822 0.886492 
0.891904 0.882639 
0.888287 0.88097 
0.891766 0.892101 
0.881939 0.886874 
0.893446 0.892342 
0.882487 0.891135 
0.881469 0.884413 
0.883688 0.880967 
0.896489 0.886824 
0.894914 0.881763 
0.894839 0.881308 
0.892132 0.878876 
0.89705 0.884119 
0.886611 0.895511 
0.499813 0.997981 
0.499449 0.997516 
0.498936 0.997702 
0.497699 0.997492 
0.498928 0.993881 
0.502349 0.993943 
0.499104 0.992988 
0.503559 0.994587 
0.49505 0.995529 
0.493595 0.997466 
0.503549 0.992447 
0.497043 0.991708 
0.506964 0.996225 
0.506945 0.994048 
0.508329 0.995739 
0.490794 0.99785 
0.49077 0.999229 
0.495023 0.989962 
0.498866 0.988185 
0.509995 0.998161 
0.469969 0.282113 
0.468686 0.28268 
0.47015 0.284444 
0.472315 0.281688 
0.468463 0.278776 
0.470402 0.278422 
0.469808 0.285895 
0.465783 0.28207 
0.465074 0.28333 
0.468031 0.286815 
0.471181 0.287163 
0.474809 0.278798 
0.475167 0.285517 
0.467118 0.287682 
0.46983 0.275797 
0.468543 0.275886 
0.474013 0.27646 
0.472267 0.288971 
0.468027 0.289733 
0.471625 0.290418 
0.233687 0.632295 
0.232754 0.632493 
0.23428 0.633075 
0.233449 0.630165 
0.23197 0.630927 
0.235291 0.635373 
0.230496 0.630811 
0.233262 0.628649 
0.235751 0.629059 
0.235915 0.628761 
0.229817 0.634161 
0.233362 0.627137 
0.228828 0.634653 
0.238531 0.629899 
0.232743 0.6269 
0.233511 0.637847 
0.229045 0.635956 
0.229723 0.63734 
0.237879 0.637769 
0.234466 0.625159 
0.545937 0.782501 
0.546719 0.781861 
0.546233 0.783935 
0.543662 0.781243 
0.548816 0.784612 
0.548423 0.77991 
0.544845 0.779049 
0.547754 0.785933 
0.548177 0.77906 
0.54278 0.785156 
0.548837 0.785612 
0.550726 0.781676 
0.542022 0.779511 
0.541052 0.783846 
0.550912 0.783984 
0.550769 0.780442 
0.542781 0.787463 
0.544985 0.776697 
0.540175 0.784421 
0.5449 0.788713 
0.686561 0.741162 
0.687021 0.741119 
0.683956 0.741196 
0.683857 0.739468 
0.68424 0.743945 
0.683996 0.744814 
0.688158 0.74542 
0.684352 0.736993 
0.681819 0.739174 
0.691799 0.741714 
0.681219 0.738669 
0.689198 0.746534 
0.68113 0.743927 
0.683437 0.746411 
0.683064 0.735616 
0.680252 0.743013 
0.681028 0.744856 
0.693685 0.742374 
0.680238 0.744821 
0.691148 0.747029 
0.738007 0.919335 
0.740097 0.920881 
0.740305 0.917937 
0.739218 0.922353 
0.737702 0.922643 
0.733652 0.919142 
0.740903 0.915909 
0.733383 0.920393 
0.73873 0.914586 
0.7392 0.924023 
0.740562 0.925337 
0.742564 0.914482 
0.740238 0.913025 
0.730814 0.920389 
0.745207 0.921694 
0.745424 0.921053 
0.738076 0.927249 
0.731007 0.914844 
0.746389 0.920052 
0.736262 0.910871 
0.820343 0.895824 
0.820243 0.897322 
0.818259 0.895216 
0.823005 0.89505 
0.817456 0.896977 
0.81943 0.892675 
0.823586 0.893386 
0.816406 0.894618 
0.822694 0.899352 
0.816401 0.892312 
0.826113 0.897326 
0.825791 0.892828 
0.81741 0.889782 
0.813998 0.899281 
0.824549 0.901847 
0.821244 0.903616 
0.816948 0.888128 
0.817961 0.904033 
0.815003 0.902609 
0.826399 0.889372 
0.344561 0.749767 
0.345921 0.749243 
0.342714 0.75118 
0.344636 0.746666 
0.346305 0.74642 
0.345511 0.745812 
0.347317 0.754174 
0.345677 0.755032 
0.339214 0.748646 
0.34691 0.754813 
0.34314 0.744071 
0.346533 0.744142 
0.347474 0.743812 
0.340187 0.743869 
0.33864 0.745392 
0.347705 0.756879 
0.350072 0.755577 
0.340079 0.756425 
0.340611 0.742702 
0.346205 0.741769 
0.540626 0.823386 
0.539988 0.82422 
0.539715 0.824384 
0.539243 0.822318 
0.542311 0.823968 
0.542756 0.822492 
0.541515 0.821026 
0.53881 0.827829 
0.54543 0.821886 
0.543073 0.82818 
0.534716 0.824973 
0.536339 0.828041 
0.534402 0.826575 
0.545084 0.829085 
0.54588 0.818121 
0.53369 0.827207 
0.532744 0.824406 
0.536449 0.816606 
0.545806 0.817261 
0.549056 0.824073 
0.255453 0.174398 
0.254447 0.174314 
0.253541 0.174409 
0.253425 0.176377 
0.257421 0.176982 
0.258282 0.176866 
0.25182 0.173052 
0.254611 0.178298 
0.251768 0.171954 
0.259364 0.172078 
0.250004 0.175119 
0.257842 0.179629 
0.260662 0.177413 
0.254765 0.167492 
0.260024 0.16913 
0.2521 0.180532 
0.261123 0.178517 
0.255587 0.167374 
0.249951 0.170023 
0.261987 0.177086 
0.217159 0.159418 
0.216667 0.159687 
0.218946 0.161325 
0.217132 0.162637 
0.216994 0.162662 
0.216008 0.156187 
0.213272 0.160082 
0.213268 0.157901 
0.213771 0.156325 
0.220999 0.162433 
0.221243 0.162459 
0.222863 0.15737 
0.219209 0.153601 
0.223729 0.159782 
0.22475 0.161143 
0.211095 0.165015 
0.208499 0.160784 
0.21501 0.168098 
0.208213 0.162426 
0.214982 0.149931 
0.98593 0.331399 
0.984406 0.329952 
0.988248 0.330194 
0.983225 0.330478 
0.986793 0.335157 
0.98183 0.32943 
0.980802 0.334119 
0.988921 0.336385 
0.986869 0.324807 
0.992836 0.32966 
0.984402 0.338484 
0.990117 0.337599 
0.99329 0.329946 
0.989643 0.324865 
0.986904 0.323923 
0.987951 0.338676 
0.987817 0.338897 
0.990617 0.324309 
0.993421 0.326762 
0.976646 0.331107 
0.83602 0.725491 
0.836251 0.725008 
0.8381 0.72591 
0.834518 0.72883 
0.840197 0.727133 
0.833212 0.729073 
0.838791 0.721322 
0.830884 0.725571 
0.836915 0.720249 
0.833054 0.730173 
0.835972 0.731353 
0.841615 0.72219 
0.842476 0.726681 
0.842214 0.723227 
0.838846 0.731516 
0.829337 0.724731 
0.84284 0.725772 
0.829308 0.728384 
0.843436 0.72656 
0.830647 0.719914 
0.896385 0.119013 
0.896172 0.119227 
0.895391 0.120138 
0.898335 0.120306 
0.896567 0.122292 
0.898506 0.115557 
0.894066 0.122613 
0.899559 0.122228 
0.900756 0.120563 
0.901697 0.117221 
0.890606 0.118371 
0.901186 0.123422 
0.889856 0.12024 
0.899529 0.112734 
0.891621 0.124656 
0.889286 0.121196 
0.898874 0.111636 
0.900492 0.125672 
0.902525 0.113998 
0.900135 0.111891 
0.0656897 0.584424 
0.066551 0.584863 
0.0660909 0.585516 
0.0677252 0.584052 
0.065575 0.587973 
0.0677856 0.581528 
0.068495 0.582043 
0.0687841 0.587701 
0.0611406 0.582272 
0.0604594 0.584681 
0.0709099 0.583171 
0.0713073 0.582897 
0.0714732 0.582768 
0.0712663 0.582023 
0.071606 0.586158 
0.0686453 0.589926 
0.0627071 0.590552 
0.0634825 0.590945 
0.0598082 0.588375 
0.0616761 0.578475 
0.248539 0.640684 
0.250323 0.639699 
0.248439 0.638569 
0.248347 0.642809 
0.246641 0.641852 
0.250593 0.642228 
0.243456 0.640263 
0.244906 0.636891 
0.249467 0.645987 
0.24961 0.646257 
0.245992 0.635024 
0.243961 0.636408 
0.242539 0.642917 
0.247175 0.647071 
0.244663 0.634952 
0.254973 0.637991 
0.243411 0.634976 
0.255514 0.644086 
0.244207 0.647521 
0.242102 0.646023 
0.647461 0.096784 
0.646969 0.0979876 
0.648962 0.0973397 
0.645492 0.0978077 
0.643291 0.0969365 
0.647573 0.101283 
0.651739 0.094349 
0.652237 0.09486 
0.642921 0.0999318 
0.651533 0.100742 
0.645757 0.0911671 
0.648328 0.090674 
0.645409 0.0909131 
0.652564 0.0930819 
0.653736 0.0960877 
0.654763 0.0973445 
0.650445 0.103645 
0.641511 0.101428 
0.655697 0.0967027 
0.65131 0.0891497 
0.789916 0.665695 
0.788817 0.665428 
0.791484 0.666 
0.789753 0.664023 
0.791969 0.666507 
0.791368 0.66398 
0.790032 0.668856 
0.78774 0.662339 
0.789516 0.661535 
0.785694 0.664785 
0.792762 0.66909 
0.790983 0.66137 
0.789401 0.661264 
0.786632 0.661784 
0.790904 0.67154 
0.788374 0.65994 
0.792551 0.659672 
0.795156 0.669673 
0.784108 0.661991 
0.79502 0.670863 
0.995019 0.913684 
0.995825 0.914473 
0.996409 0.913272 
0.994884 0.911606 
0.992496 0.912468 
0.991906 0.911877 
0.998755 0.912238 
0.998307 0.911182 
0.998998 0.911223 
0.990359 0.914222 
0.99253 0.918153 
0.989832 0.913971 
0.995048 0.918977 
0.99924 0.917385 
0.991316 0.908734 
0.992309 0.919424 
0.993534 0.919866 
0.992762 0.907342 
0.99759 0.907203 
0.994555 0.906587 
0.811594 0.982461 
0.812354 0.983971 
0.810424 0.981168 
0.809909 0.983819 
0.809511 0.98027 
0.812457 0.979475 
0.808933 0.977896 
0.806659 0.979882 
0.816862 0.985164 
0.815481 0.987086 
0.816571 0.978682 
0.80819 0.976901 
0.804293 0.985411 
0.815359 0.989412 
0.81447 0.989881 
0.811888 0.99053 
0.819974 0.984718 
0.813695 0.973949 
0.821379 0.981777 
0.805497 0.974672 
0.198407 0.112484 
0.196872 0.11317 
0.196424 0.111933 
0.200359 0.113636 
0.198297 0.109301 
0.197799 0.115695 
0.201779 0.114719 
0.195718 0.109355 
0.199787 0.116513 
0.202495 0.111148 
0.194017 0.111676 
0.198109 0.107981 
0.202801 0.113737 
0.20177 0.117831 
0.192068 0.113487 
0.204845 0.115026 
0.191192 0.112018 
0.203521 0.117672 
0.192139 0.11664 
0.196105 0.119793 
0.0902126 0.939272 
0.0893913 0.938638 
0.0888237 0.938158 
0.0922565 0.9393 
0.0935126 0.940898 
0.0934139 0.942583 
0.0946604 0.940475 
0.0958203 0.939209 
0.0959701 0.940923 
0.0860793 0.934828 
0.0883493 0.932277 
0.0836622 0.942689 
0.0827551 0.938357 
0.0977152 0.940754 
0.0967562 0.944859 
0.097819 0.94355 
0.0985056 0.942149 
0.0908509 0.930425 
0.082985 0.944527 
0.0960038 0.946553 
0.603628 0.955973 
0.601756 0.956633 
0.606819 0.955146 
0.606524 0.958561 
0.602219 0.959712 
0.607287 0.953756 
0.606747 0.959233 
0.608272 0.95648 
0.608487 0.957249 
0.60127 0.951214 
0.601418 0.960943 
0.602916 0.961454 
0.601384 0.961054 
0.608908 0.953576 
0.609855 0.953728 
0.608187 0.949803 
0.598959 0.949559 
0.595668 0.957159 
0.605312 0.947796 
0.60193 0.947655 
0.801459 0.870636 
0.797731 0.86988 
0.799624 0.866933 
0.80086 0.875128 
0.796954 0.871221 
0.805537 0.87327 
0.79577 0.87147 
0.806093 0.86691 
0.807002 0.868278 
0.804585 0.875909 
0.806311 0.875342 
0.795557 0.867096 
0.807726 0.873498 
0.795097 0.867289 
0.795376 0.875481 
0.805671 0.877203 
0.806312 0.864334 
0.800118 0.87848 
0.793951 0.867969 
0.804243 0.878169 
0.891541 0.751511 
0.893212 0.752878 
0.892966 0.753699 
0.892265 0.754191 
0.891947 0.747835 
0.891352 0.755552 
0.894992 0.754243 
0.895613 0.7487 
0.89611 0.753451 
0.893204 0.746236 
0.894384 0.74661 
0.88674 0.74845 
0.88854 0.756432 
0.886428 0.748276 
0.885507 0.749815 
0.886603 0.746964 
0.894043 0.758028 
0.894948 0.745416 
0.891636 0.744467 
0.898392 0.74976 
0.303722 0.643727 
0.304602 0.644935 
0.305367 0.642988 
0.303838 0.647864 
0.307094 0.640562 
0.307628 0.640212 
0.298548 0.642244 
0.298044 0.645329 
0.308369 0.640001 
0.300749 0.649434 
0.310441 0.64313 
0.306277 0.650343 
0.303535 0.651033 
0.30566 0.636631 
0.303839 0.636303 
0.299385 0.637566 
0.311134 0.646666 
0.30927 0.649711 
0.309801 0.637671 
0.296639 0.63877 
0.538695 0.141926 
0.540125 0.141204 
0.537614 0.144769 
0.535865 0.143463 
0.541499 0.145118 
0.54251 0.143805 
0.534007 0.140707 
0.533926 0.144344 
0.533777 0.139293 
0.533031 0.143182 
0.535452 0.136984 
0.544446 0.139852 
0.535845 0.136013 
0.545251 0.139447 
0.537841 0.149136 
0.546194 0.142416 
0.546408 0.1436 
0.535991 0.150088 
0.540924 0.133432 
0.536279 0.150406 
0.876078 0.568041 
0.87574 0.566946 
0.874352 0.568228 
0.874474 0.565329 
0.877339 0.564475 
0.877098 0.564265 
0.872071 0.567863 
0.871441 0.56903 
0.88136 0.569609 
0.880135 0.571987 
0.872611 0.573234 
0.882475 0.567093 
0.872376 0.562133 
0.869007 0.568241 
0.88304 0.566167 
0.875507 0.575923 
0.872821 0.560763 
0.867914 0.567509 
0.871097 0.574644 
0.884528 0.569491 
0.0602245 0.779736 
0.0586166 0.780529 
0.0620093 0.780948 
0.0621147 0.781356 
0.062365 0.778182 
0.0638902 0.780452 
0.0564391 0.778251 
0.0595886 0.774997 
0.0657314 0.780365 
0.0557128 0.784071 
0.0630389 0.785377 
0.0634985 0.785617 
0.0645257 0.785462 
0.0550971 0.774553 
0.0624083 0.772695 
0.0636508 0.786364 
0.0528239 0.780867 
0.0556743 0.773468 
0.0666184 0.784255 
0.0544164 0.774396 
0.422742 0.576578 
0.424711 0.576995 
0.422358 0.573427 
0.423572 0.573279 
0.418978 0.577702 
0.42109 0.572346 
0.423889 0.572004 
0.418124 0.578773 
0.425086 0.571839 
0.420649 0.581476 
0.428034 0.577284 
0.421231 0.582167 
0.42851 0.578017 
0.42526 0.571142 
0.427465 0.580334 
0.420386 0.571012 
0.416555 0.575284 
0.428416 0.579407 
0.416634 0.574527 
0.428718 0.573169 
0.0871221 0.309677 
0.0862036 0.306904 
0.0847215 0.311365 
0.0860639 0.313013 
0.082639 0.308947 
0.0855025 0.315392 
0.0905517 0.314543 
0.0923594 0.306233 
0.082093 0.313967 
0.0929984 0.312823 
0.0875222 0.302845 
0.0859924 0.302908 
0.0907324 0.303621 
0.0915806 0.315234 
0.0896046 0.302495 
0.0804365 0.305652 
0.0837037 0.316988 
0.0871319 0.301454 
0.0793891 0.312713 
0.0880166 0.318257 
0.890378 0.570388 
0.889322 0.569447 
0.88857 0.570103 
0.89169 0.568676 
0.891904 0.568785 
0.892478 0.56956 
0.892844 0.570853 
0.890707 0.567196 
0.887954 0.572788 
0.894199 0.569845 
0.887026 0.572684 
0.885807 0.571196 
0.888027 0.565936 
0.885321 0.569396 
0.892486 0.575215 
0.888421 0.575442 
0.894552 0.566716 
0.892585 0.564939 
0.884528 0.569491 
0.896043 0.567203 
0.754179 0.577641 
0.754256 0.577265 
0.755459 0.57879 
0.755775 0.57648 
0.752536 0.575696 
0.757565 0.576004 
0.753124 0.581433 
0.757158 0.580467 
0.753111 0.581718 
0.758502 0.578517 
0.753134 0.573329 
0.751231 0.581227 
0.756156 0.581893 
0.750575 0.581184 
0.750353 0.574237 
0.758334 0.574134 
0.751905 0.572586 
0.751297 0.58283 
0.748411 0.580763 
0.758726 0.572626 
0.173336 0.905235 
0.172052 0.905406 
0.173838 0.906503 
0.174946 0.906596 
0.172169 0.90718 
0.173392 0.907732 
0.176471 0.90568 
0.17609 0.907195 
0.176571 0.903628 
0.168655 0.908117 
0.175639 0.900042 
0.168279 0.902123 
0.167306 0.90396 
0.167109 0.905939 
0.179128 0.902702 
0.167014 0.905204 
0.172567 0.911602 
0.168678 0.900298 
0.178065 0.910812 
0.168678 0.9111 
0.0196481 0.193441 
0.0198945 0.194685 
0.0199807 0.190475 
0.021568 0.191069 
0.0159851 0.192766 
0.0226154 0.19003 
0.0174563 0.197511 
0.0218108 0.189252 
0.0155159 0.190842 
0.0146484 0.194504 
0.0168861 0.197904 
0.0234503 0.189331 
0.0144209 0.195993 
0.0258306 0.193163 
0.0136939 0.190997 
0.0241946 0.188229 
0.0254735 0.197784 
0.0269478 0.19552 
0.0258405 0.197979 
0.0268581 0.189888 
0.326795 0.776205 
0.327232 0.775709 
0.327263 0.774991 
0.327881 0.778198 
0.323977 0.775502 
0.323866 0.774684 
0.330108 0.773697 
0.325478 0.771805 
0.333064 0.775754 
0.331863 0.780234 
0.322806 0.770856 
0.32718 0.783421 
0.32113 0.771386 
0.323575 0.769494 
0.33327 0.772115 
0.321046 0.781371 
0.334589 0.774484 
0.330185 0.768704 
0.328371 0.784406 
0.32789 0.767726 
0.250762 0.420339 
0.250609 0.421051 
0.24983 0.420293 
0.250565 0.418728 
0.248863 0.418681 
0.253177 0.421507 
0.248309 0.418971 
0.253145 0.417663 
0.253016 0.424428 
0.252177 0.415757 
0.250751 0.414791 
0.247316 0.415983 
0.244958 0.418792 
0.251356 0.414319 
0.248816 0.426277 
0.244349 0.419299 
0.257204 0.422913 
0.243623 0.420242 
0.249775 0.427535 
0.245058 0.42523 
0.690532 0.0100317 
0.689309 0.010753 
0.689259 0.00874303 
0.68878 0.0112421 
0.689266 0.0118833 
0.692515 0.00786719 
0.692402 0.0129028 
0.690757 0.00636885 
0.69176 0.0142842 
0.690436 0.0151339 
0.696888 0.00754275 
0.688849 0.00331424 
0.695179 0.0152479 
0.683643 0.00763818 
0.693954 0.00317818 
0.689702 0.0178707 
0.694471 0.0171026 
0.682622 0.00799917 
0.692954 0.0181398 
0.698857 0.00811676 
0.271467 0.706796 
0.270989 0.706698 
0.269757 0.706927 
0.26888 0.706364 
0.27381 0.708488 
0.269015 0.704864 
0.271704 0.710057 
0.273046 0.703384 
0.275116 0.703848 
0.274026 0.702645 
0.275661 0.704192 
0.275257 0.70363 
0.276239 0.704201 
0.27434 0.711444 
0.276095 0.703855 
0.270333 0.701305 
0.277827 0.70637 
0.265344 0.71 
0.264256 0.705913 
0.263481 0.707335 
0.724891 0.795115 
0.725921 0.795147 
0.726524 0.794143 
0.722475 0.794766 
0.722968 0.797708 
0.726386 0.798416 
0.722489 0.79845 
0.720747 0.794685 
0.72199 0.799436 
0.729467 0.792526 
0.725397 0.789843 
0.727199 0.79012 
0.726675 0.789706 
0.723978 0.800809 
0.723135 0.789456 
0.723526 0.800908 
0.730869 0.795326 
0.721986 0.789645 
0.721517 0.789838 
0.729789 0.799444 
0.36062 0.493347 
0.35983 0.492925 
0.360444 0.491662 
0.35992 0.496331 
0.357663 0.491992 
0.357251 0.493484 
0.356972 0.494638 
0.364961 0.493792 
0.364364 0.490528 
0.364965 0.490555 
0.363529 0.488919 
0.356352 0.496493 
0.355845 0.490894 
0.355232 0.496327 
0.366516 0.49128 
0.362418 0.487333 
0.36693 0.496386 
0.361931 0.486359 
0.358878 0.500359 
0.365421 0.487926 
0.401433 0.742816 
0.401766 0.740599 
0.40312 0.740266 
0.403026 0.740133 
0.404828 0.744058 
0.405063 0.742239 
0.399961 0.738461 
0.397866 0.739473 
0.39717 0.740149 
0.406555 0.743969 
0.406511 0.741436 
0.403089 0.747839 
0.404095 0.747467 
0.396011 0.741308 
0.403443 0.748304 
0.406955 0.745037 
0.407271 0.740771 
0.401581 0.736525 
0.396061 0.739452 
0.402197 0.736217 
0.761128 0.467179 
0.763427 0.466755 
0.763256 0.466109 
0.763047 0.471641 
0.757219 0.470614 
0.763968 0.473285 
0.759111 0.473628 
0.762596 0.473807 
0.763455 0.474017 
0.754629 0.470377 
0.75371 0.469258 
0.759319 0.474742 
0.762404 0.474925 
0.767905 0.46321 
0.769157 0.464972 
0.756925 0.459829 
0.769689 0.466756 
0.76311 0.475764 
0.766902 0.474052 
0.769553 0.463989 
0.535057 0.41081 
0.534208 0.411664 
0.534841 0.409107 
0.534552 0.412597 
0.535273 0.407912 
0.536369 0.41465 
0.530783 0.409611 
0.535686 0.406044 
0.536348 0.405582 
0.532538 0.415625 
0.532814 0.416096 
0.529967 0.407268 
0.539794 0.415004 
0.530709 0.416148 
0.534298 0.403709 
0.527437 0.411657 
0.534537 0.418745 
0.543311 0.409979 
0.526717 0.412144 
0.536102 0.402343 
0.78016 0.652941 
0.780438 0.652883 
0.777877 0.654369 
0.77722 0.655397 
0.780322 0.648443 
0.77697 0.656243 
0.780818 0.648307 
0.783654 0.656419 
0.779917 0.647505 
0.786125 0.653637 
0.780707 0.659747 
0.786954 0.65117 
0.786222 0.649089 
0.781763 0.659944 
0.774649 0.657765 
0.777624 0.659858 
0.787629 0.652111 
0.774647 0.647783 
0.774541 0.647154 
0.787894 0.65035 
0.792825 0.124822 
0.794635 0.125387 
0.791384 0.126563 
0.795581 0.12486 
0.790371 0.126441 
0.790527 0.122777 
0.796969 0.124862 
0.796537 0.126876 
0.788524 0.124182 
0.793892 0.120034 
0.797608 0.123576 
0.794497 0.130076 
0.798529 0.123886 
0.7874 0.127057 
0.792806 0.130869 
0.792001 0.131306 
0.791522 0.118416 
0.787961 0.129204 
0.798649 0.121026 
0.785852 0.123961 
0.300091 0.58577 
0.300395 0.586206 
0.300792 0.586962 
0.301633 0.586349 
0.302674 0.587576 
0.300892 0.582427 
0.302823 0.588152 
0.303735 0.585967 
0.299238 0.589787 
0.297382 0.582304 
0.303096 0.582484 
0.298431 0.581481 
0.295138 0.583961 
0.304598 0.589764 
0.30284 0.59118 
0.295861 0.59016 
0.304843 0.581938 
0.300871 0.57956 
0.298527 0.579691 
0.306315 0.584571 
0.198382 0.524433 
0.199441 0.523961 
0.201183 0.525363 
0.195678 0.526451 
0.201724 0.523074 
0.202199 0.521205 
0.204032 0.525768 
0.197618 0.530447 
0.202612 0.51996 
0.194929 0.5192 
0.199712 0.518252 
0.197875 0.517447 
0.197348 0.517411 
0.191426 0.522271 
0.195821 0.517401 
0.19729 0.531865 
0.196817 0.516593 
0.201806 0.532133 
0.192051 0.529997 
0.190916 0.520021 
0.911933 0.754667 
0.909857 0.754076 
0.910325 0.756473 
0.909313 0.75683 
0.90892 0.751599 
0.913134 0.759033 
0.907996 0.751489 
0.913641 0.760275 
0.915975 0.749971 
0.907953 0.749875 
0.914752 0.748537 
0.90516 0.755504 
0.918744 0.753599 
0.919067 0.753263 
0.905971 0.750181 
0.913484 0.747301 
0.905813 0.759475 
0.913078 0.762649 
0.920176 0.756109 
0.919704 0.757901 
0.612084 0.00966828 
0.60994 0.0089935 
0.609089 0.0106313 
0.611528 0.0138351 
0.609492 0.00543574 
0.606628 0.011124 
0.613572 0.0151381 
0.6076 0.0145863 
0.612474 0.00281396 
0.609607 0.0162466 
0.615926 0.00308786 
0.619775 0.00946839 
0.605613 0.0052811 
0.619023 0.0136176 
0.612255 0.0177362 
0.604097 0.0110424 
0.617106 0.00321979 
0.607085 0.0165963 
0.613434 0.0181758 
0.614907 0.00135137 
0.0171783 0.0318368 
0.0170471 0.0331038 
0.0194767 0.0345096 
0.0161221 0.035247 
0.0209605 0.0322149 
0.0195768 0.0284846 
0.0129235 0.0310056 
0.0178646 0.0272353 
0.0123106 0.0336816 
0.0157155 0.0368441 
0.0118282 0.0305887 
0.0120168 0.0338235 
0.0212981 0.0270257 
0.0119269 0.0357871 
0.0114883 0.0359304 
0.0119548 0.0368252 
0.0226283 0.0369697 
0.0205617 0.0250303 
0.0176148 0.0241452 
0.0253652 0.0324822 
0.816948 0.888128 
0.81741 0.889782 
0.818545 0.886917 
0.8183 0.886574 
0.816359 0.88422 
0.815458 0.884297 
0.816401 0.892312 
0.814455 0.884308 
0.812251 0.888927 
0.812277 0.886728 
0.812434 0.890584 
0.81943 0.892675 
0.811726 0.889539 
0.811703 0.886449 
0.814908 0.882632 
0.81529 0.882115 
0.812874 0.883305 
0.816406 0.894618 
0.823081 0.884606 
0.818259 0.895216 
0.408761 0.84545 
0.409286 0.844882 
0.408806 0.844566 
0.409681 0.847209 
0.406325 0.844215 
0.406057 0.846593 
0.405937 0.843119 
0.411567 0.842391 
0.414855 0.847492 
0.41099 0.851898 
0.415804 0.845985 
0.415804 0.847118 
0.402463 0.850306 
0.407054 0.8533 
0.40897 0.85359 
0.416551 0.842426 
0.402018 0.840276 
0.416786 0.849243 
0.413302 0.853393 
0.406979 0.854439 
0.192776 0.732591 
0.194639 0.733051 
0.190418 0.733213 
0.190661 0.735263 
0.189177 0.73476 
0.19408 0.728579 
0.193497 0.736941 
0.196934 0.734483 
0.196516 0.729865 
0.194013 0.737083 
0.189967 0.737666 
0.192092 0.73854 
0.188754 0.737169 
0.191486 0.726583 
0.189808 0.738233 
0.190509 0.738904 
0.189144 0.738528 
0.198815 0.728898 
0.186413 0.73583 
0.186467 0.728111 
0.389124 0.755282 
0.389968 0.753817 
0.390963 0.756093 
0.388943 0.752726 
0.389101 0.752033 
0.38661 0.757475 
0.386608 0.75292 
0.387712 0.758511 
0.385574 0.757196 
0.385882 0.757841 
0.393383 0.755032 
0.391337 0.759194 
0.393325 0.752959 
0.393807 0.756813 
0.383963 0.754302 
0.383865 0.754195 
0.394147 0.757615 
0.39197 0.760223 
0.390026 0.749637 
0.393312 0.750879 
0.0477178 0.583795 
0.0484172 0.584085 
0.046942 0.583415 
0.0485334 0.583097 
0.0459521 0.584865 
0.0486988 0.581159 
0.0504969 0.585345 
0.0453062 0.588949 
0.0419243 0.583037 
0.0417877 0.584244 
0.0496513 0.578033 
0.0495782 0.590185 
0.0520467 0.578601 
0.0427928 0.588688 
0.055055 0.583866 
0.0549098 0.586493 
0.0528208 0.577685 
0.0480573 0.575735 
0.0447088 0.576193 
0.0465813 0.57564 
0.0714383 0.312744 
0.0729472 0.312048 
0.070113 0.314189 
0.0698001 0.310626 
0.074242 0.313457 
0.0735859 0.314792 
0.0746539 0.313406 
0.0702256 0.309672 
0.0717111 0.316429 
0.068324 0.310724 
0.0683767 0.315001 
0.0754125 0.311854 
0.0762763 0.311337 
0.0753726 0.309331 
0.0669139 0.316125 
0.0734199 0.307384 
0.0659311 0.314624 
0.0664638 0.309338 
0.0756983 0.317311 
0.065362 0.314398 
0.595347 0.478312 
0.595205 0.477791 
0.595125 0.479079 
0.595885 0.479008 
0.59718 0.47819 
0.598647 0.478808 
0.59159 0.479213 
0.59873 0.48063 
0.599656 0.47711 
0.59134 0.475299 
0.595506 0.47317 
0.590583 0.481941 
0.601765 0.477685 
0.597947 0.484865 
0.589406 0.482474 
0.60243 0.481287 
0.595074 0.470581 
0.596099 0.486016 
0.59415 0.470405 
0.602081 0.473985 
0.531142 0.897571 
0.529426 0.899587 
0.531927 0.894912 
0.531746 0.90172 
0.532406 0.901646 
0.528728 0.893265 
0.535694 0.895158 
0.530096 0.903076 
0.533209 0.902896 
0.526924 0.893718 
0.525767 0.899939 
0.536676 0.90034 
0.531707 0.904137 
0.524354 0.899861 
0.537924 0.900293 
0.529458 0.90489 
0.534906 0.890962 
0.523391 0.897274 
0.525032 0.902696 
0.530368 0.905563 
0.55885 0.550601 
0.559317 0.551299 
0.560985 0.550656 
0.557268 0.549132 
0.560766 0.548741 
0.555835 0.550608 
0.55717 0.547981 
0.56189 0.548703 
0.558527 0.554634 
0.556508 0.547119 
0.562828 0.548452 
0.553562 0.552569 
0.557315 0.544556 
0.557709 0.5444 
0.551806 0.55091 
0.562763 0.55663 
0.566074 0.551509 
0.562291 0.557051 
0.557809 0.557994 
0.561583 0.543524 
0.227572 0.496341 
0.227587 0.496031 
0.227069 0.495576 
0.226005 0.49748 
0.225029 0.495892 
0.228556 0.493762 
0.227784 0.4935 
0.224809 0.499026 
0.224654 0.493194 
0.22539 0.490417 
0.226709 0.503091 
0.232692 0.500901 
0.223336 0.501777 
0.221005 0.498698 
0.222107 0.491746 
0.223559 0.502282 
0.223006 0.490681 
0.229636 0.489228 
0.223347 0.489888 
0.230565 0.489213 
0.875081 0.871161 
0.874297 0.870588 
0.875099 0.869443 
0.874465 0.868635 
0.878452 0.869753 
0.871468 0.872036 
0.87286 0.874324 
0.878827 0.875192 
0.879018 0.875142 
0.877114 0.87644 
0.880499 0.872908 
0.869594 0.869173 
0.869306 0.872683 
0.87953 0.866865 
0.879317 0.866352 
0.880485 0.867586 
0.871063 0.865721 
0.86829 0.871581 
0.868209 0.871815 
0.880154 0.866342 
0.153345 0.3095 
0.155438 0.309329 
0.150968 0.310121 
0.152067 0.311706 
0.150171 0.310705 
0.154085 0.306104 
0.155067 0.312524 
0.155192 0.30545 
0.152618 0.30492 
0.151946 0.305031 
0.154895 0.305077 
0.156718 0.313247 
0.151772 0.314391 
0.158391 0.30776 
0.149326 0.313068 
0.151859 0.304317 
0.14718 0.308245 
0.148212 0.3057 
0.156565 0.315546 
0.147214 0.306372 
0.105004 0.947592 
0.103871 0.947857 
0.103502 0.946714 
0.105553 0.949415 
0.10515 0.945357 
0.102558 0.946732 
0.100696 0.948766 
0.106271 0.942992 
0.103182 0.942913 
0.107695 0.952696 
0.0993509 0.94878 
0.110698 0.946147 
0.107642 0.94228 
0.109128 0.943183 
0.108398 0.952843 
0.111307 0.95004 
0.110553 0.951651 
0.105485 0.940722 
0.100776 0.953115 
0.11197 0.948531 
0.616415 0.971023 
0.617248 0.970835 
0.61776 0.970234 
0.618013 0.971552 
0.615682 0.968826 
0.618911 0.969095 
0.61781 0.968102 
0.618619 0.968584 
0.613641 0.9692 
0.612518 0.971104 
0.618863 0.967545 
0.615174 0.975314 
0.611952 0.971264 
0.619528 0.974518 
0.619776 0.967419 
0.620301 0.974795 
0.61896 0.975835 
0.61188 0.967311 
0.622521 0.971258 
0.6101 0.970767 
0.775621 0.941113 
0.775401 0.941508 
0.77547 0.940392 
0.773996 0.940812 
0.776015 0.943166 
0.775556 0.943739 
0.772907 0.940924 
0.776477 0.938461 
0.778434 0.938498 
0.779483 0.943081 
0.771026 0.94208 
0.771165 0.943126 
0.770576 0.94299 
0.781001 0.941765 
0.771306 0.937433 
0.770568 0.944008 
0.780574 0.944201 
0.78083 0.937879 
0.781769 0.939423 
0.769287 0.942875 
0.853883 0.939738 
0.853307 0.941978 
0.857778 0.94065 
0.849569 0.940772 
0.852261 0.935305 
0.848798 0.939043 
0.859074 0.940176 
0.859074 0.940471 
0.85359 0.934452 
0.85165 0.934799 
0.855766 0.934244 
0.858679 0.943143 
0.85023 0.944619 
0.859163 0.943285 
0.847883 0.942136 
0.849686 0.934695 
0.848604 0.944076 
0.849 0.934953 
0.860504 0.93682 
0.86122 0.939582 
0.604168 0.978795 
0.603266 0.97949 
0.605844 0.978136 
0.604547 0.980916 
0.605295 0.975466 
0.604909 0.982779 
0.608106 0.977678 
0.599849 0.980326 
0.60652 0.983273 
0.600893 0.984209 
0.60667 0.985648 
0.596735 0.976923 
0.612017 0.97929 
0.611752 0.981163 
0.60028 0.985843 
0.603818 0.987156 
0.598684 0.97199 
0.595291 0.978016 
0.610794 0.984761 
0.600632 0.970052 
0.147506 0.00220996 
0.144748 0.00324788 
0.144532 0.00239809 
0.148269 0.00577973 
0.151271 0.0022679 
0.151654 0.00249545 
0.148558 0.00663935 
0.152438 0.00207891 
0.152659 0.000488706 
0.149955 0.00767483 
0.14309 0.0067359 
0.153948 0.00450866 
0.147052 0.00904192 
0.141652 0.00662314 
0.153963 0.00574038 
0.154389 0.00518932 
0.142113 0.00759611 
0.155498 0.00165319 
0.155904 0.00401004 
0.139632 0.00577448 
0.736818 0.434625 
0.735999 0.437055 
0.738669 0.43201 
0.737714 0.431401 
0.738681 0.438072 
0.74056 0.436408 
0.740903 0.433576 
0.737338 0.430423 
0.739776 0.438092 
0.734646 0.430458 
0.740944 0.436957 
0.732064 0.434286 
0.734353 0.430409 
0.734306 0.438976 
0.736993 0.439921 
0.732851 0.431103 
0.7418 0.432629 
0.731649 0.436139 
0.74052 0.4388 
0.742461 0.435696 
0.277379 0.968808 
0.27781 0.968505 
0.276737 0.967881 
0.276154 0.968649 
0.27788 0.966883 
0.275351 0.970588 
0.278462 0.96601 
0.279394 0.971556 
0.276303 0.965496 
0.27472 0.971642 
0.280294 0.972172 
0.273583 0.966252 
0.278717 0.964134 
0.272981 0.966091 
0.281834 0.971442 
0.271717 0.968428 
0.277696 0.962535 
0.270887 0.96867 
0.270507 0.970442 
0.273433 0.962677 
0.646252 0.358771 
0.645059 0.360201 
0.648509 0.360988 
0.64765 0.362126 
0.642934 0.356713 
0.646932 0.35488 
0.65082 0.357113 
0.646553 0.36413 
0.650344 0.354778 
0.646107 0.352775 
0.652523 0.360579 
0.651994 0.362182 
0.63891 0.35869 
0.647578 0.366605 
0.640756 0.364988 
0.641032 0.365617 
0.644301 0.367256 
0.643461 0.350451 
0.651279 0.366373 
0.637465 0.355866 
0.377406 0.982527 
0.376881 0.982806 
0.375936 0.984211 
0.375925 0.984935 
0.373986 0.981557 
0.373628 0.982724 
0.374325 0.985251 
0.375561 0.978741 
0.381681 0.982794 
0.375361 0.986434 
0.381174 0.984936 
0.377634 0.977746 
0.381988 0.980775 
0.382355 0.981184 
0.372134 0.982873 
0.373489 0.986671 
0.383529 0.98439 
0.383196 0.979611 
0.384328 0.981269 
0.371159 0.978829 
0.416634 0.480857 
0.416939 0.480508 
0.416945 0.481427 
0.419367 0.479504 
0.415153 0.477682 
0.412159 0.482051 
0.416478 0.485565 
0.417929 0.476241 
0.420431 0.484078 
0.413216 0.484652 
0.412888 0.484331 
0.42156 0.482271 
0.413396 0.47685 
0.412736 0.484419 
0.421233 0.483559 
0.41283 0.485245 
0.418972 0.486248 
0.419735 0.475813 
0.421837 0.483761 
0.419408 0.486167 
0.575681 0.274996 
0.575912 0.275306 
0.575602 0.272213 
0.57283 0.274791 
0.573438 0.272023 
0.571269 0.27613 
0.57104 0.275411 
0.571495 0.272583 
0.581291 0.275314 
0.574713 0.280562 
0.57576 0.269325 
0.575249 0.269019 
0.578159 0.280521 
0.581079 0.27219 
0.57031 0.271512 
0.571022 0.26991 
0.56927 0.271657 
0.582977 0.275976 
0.568305 0.276454 
0.577108 0.267564 
0.862428 0.625683 
0.862826 0.627822 
0.863137 0.622151 
0.858636 0.625384 
0.859686 0.628588 
0.863373 0.621587 
0.863787 0.621685 
0.858405 0.62396 
0.866784 0.624824 
0.864737 0.629585 
0.859499 0.622141 
0.857839 0.626324 
0.866258 0.623013 
0.867277 0.624236 
0.864189 0.620462 
0.867117 0.622558 
0.86698 0.629433 
0.864501 0.632026 
0.85584 0.624284 
0.868449 0.628986 
0.776415 0.222539 
0.777871 0.223034 
0.778151 0.221841 
0.777824 0.22066 
0.778745 0.224583 
0.779701 0.221733 
0.776716 0.219132 
0.773349 0.225051 
0.775682 0.226678 
0.776241 0.217925 
0.771356 0.222308 
0.771012 0.222933 
0.771519 0.22005 
0.781305 0.225278 
0.779262 0.227547 
0.780405 0.226811 
0.776855 0.228624 
0.771147 0.225671 
0.770276 0.224727 
0.774399 0.216238 
0.710436 0.397452 
0.709933 0.399227 
0.707871 0.398515 
0.710939 0.400864 
0.71071 0.393954 
0.707917 0.394904 
0.714036 0.398442 
0.71403 0.398745 
0.713969 0.399554 
0.714587 0.397332 
0.71337 0.394316 
0.711048 0.39306 
0.710228 0.392769 
0.71446 0.394713 
0.715021 0.399467 
0.714381 0.40094 
0.70683 0.401657 
0.708312 0.403486 
0.705889 0.392599 
0.704693 0.40118 
0.54898 0.478528 
0.547162 0.477119 
0.547104 0.480056 
0.546637 0.479787 
0.546269 0.480343 
0.551937 0.476457 
0.551016 0.481746 
0.545134 0.476277 
0.544616 0.479787 
0.553557 0.480066 
0.546151 0.48358 
0.545495 0.473854 
0.544121 0.475223 
0.544781 0.483333 
0.550592 0.471923 
0.543104 0.482118 
0.55592 0.478532 
0.542037 0.478306 
0.552509 0.472142 
0.551446 0.471486 
0.957852 0.429306 
0.956711 0.430737 
0.95892 0.43172 
0.960269 0.426799 
0.961355 0.428887 
0.959707 0.425344 
0.961975 0.431598 
0.953032 0.428407 
0.957257 0.424122 
0.95351 0.42569 
0.960737 0.424083 
0.958259 0.423202 
0.96424 0.428285 
0.962047 0.434998 
0.961447 0.43549 
0.952748 0.423875 
0.95175 0.433725 
0.955666 0.436693 
0.953282 0.422785 
0.95844 0.420969 
0.798848 0.750343 
0.796933 0.747965 
0.795025 0.750867 
0.802801 0.749385 
0.803165 0.751592 
0.803277 0.751149 
0.803406 0.751026 
0.794154 0.750186 
0.798127 0.755158 
0.794949 0.747122 
0.792491 0.749905 
0.801143 0.744333 
0.801224 0.756656 
0.796041 0.756499 
0.800639 0.757907 
0.792841 0.744965 
0.804477 0.756243 
0.794468 0.757263 
0.793562 0.743891 
0.806367 0.754306 
0.20072 0.835093 
0.201275 0.835924 
0.199878 0.833363 
0.200259 0.837049 
0.203374 0.833792 
0.202728 0.832804 
0.199913 0.838504 
0.203208 0.837756 
0.204298 0.833082 
0.204228 0.832376 
0.197481 0.832032 
0.204802 0.832078 
0.205934 0.836979 
0.197502 0.8303 
0.204753 0.839387 
0.203641 0.829614 
0.204062 0.829519 
0.2015 0.841751 
0.198275 0.828296 
0.193643 0.832772 
0.0171405 0.121588 
0.0154187 0.121938 
0.0181079 0.124078 
0.018355 0.11914 
0.0152557 0.123676 
0.016404 0.118758 
0.0162749 0.124593 
0.020521 0.120643 
0.0148668 0.124722 
0.0173797 0.117579 
0.0132704 0.118313 
0.0208733 0.125428 
0.0142119 0.126272 
0.0175543 0.127326 
0.0226288 0.119788 
0.0119713 0.118754 
0.0136298 0.126377 
0.0113412 0.119996 
0.0176909 0.127615 
0.0234394 0.12185 
0.108853 0.570906 
0.109279 0.571186 
0.107803 0.571394 
0.108932 0.569601 
0.108352 0.572415 
0.10823 0.569101 
0.107517 0.572426 
0.111523 0.571408 
0.106986 0.574409 
0.112246 0.573453 
0.112579 0.573575 
0.112562 0.568201 
0.103065 0.57093 
0.114352 0.568939 
0.108504 0.564997 
0.102921 0.572198 
0.115267 0.572782 
0.116152 0.573487 
0.115156 0.575461 
0.101306 0.574509 
0.278122 0.370824 
0.277308 0.372414 
0.276251 0.37084 
0.279207 0.372658 
0.279464 0.372584 
0.276154 0.368834 
0.280579 0.372484 
0.281283 0.370434 
0.277588 0.374146 
0.279737 0.367707 
0.283327 0.370715 
0.284211 0.370243 
0.284326 0.371435 
0.277357 0.364613 
0.283751 0.36791 
0.282773 0.375552 
0.284814 0.37019 
0.275508 0.377113 
0.284932 0.371088 
0.271293 0.372746 
0.395745 0.678032 
0.396488 0.677323 
0.393089 0.680485 
0.399134 0.680017 
0.398547 0.674926 
0.391312 0.67621 
0.392418 0.673355 
0.390223 0.680474 
0.389767 0.675295 
0.393269 0.671941 
0.39958 0.672337 
0.401325 0.682584 
0.400913 0.672316 
0.388406 0.675455 
0.390635 0.672146 
0.391304 0.671622 
0.403773 0.678424 
0.400994 0.684663 
0.400389 0.670052 
0.394724 0.687363 
0.734448 0.22489 
0.735564 0.22412 
0.737163 0.225494 
0.737729 0.225302 
0.731688 0.227202 
0.732427 0.228484 
0.730132 0.226541 
0.739456 0.223499 
0.730384 0.221613 
0.730108 0.228064 
0.738794 0.228259 
0.73309 0.219193 
0.731564 0.219744 
0.740417 0.2252 
0.728702 0.227524 
0.740749 0.223011 
0.732902 0.231858 
0.727152 0.22366 
0.741874 0.224477 
0.728307 0.229421 
0.480492 0.831293 
0.48312 0.83239 
0.477687 0.829684 
0.477002 0.832459 
0.476898 0.829231 
0.48076 0.835824 
0.479133 0.835822 
0.485719 0.828082 
0.484249 0.836222 
0.475671 0.835338 
0.484103 0.836634 
0.487199 0.829997 
0.473905 0.828768 
0.475365 0.826127 
0.473119 0.83285 
0.486754 0.825653 
0.487842 0.835632 
0.471763 0.832177 
0.475868 0.83875 
0.487896 0.83613 
0.427214 0.010052 
0.428441 0.00951374 
0.426106 0.00807755 
0.429494 0.00856224 
0.430462 0.00917399 
0.430708 0.00967706 
0.431039 0.00930669 
0.429068 0.0064406 
0.423162 0.0104143 
0.42929 0.0137348 
0.431205 0.011785 
0.426432 0.0144771 
0.42626 0.00420966 
0.430799 0.00533046 
0.4335 0.0101594 
0.420866 0.0110597 
0.432275 0.0141522 
0.424658 0.0163197 
0.426419 0.0177341 
0.427553 0.0178397 
0.814055 0.221887 
0.814825 0.222052 
0.812389 0.222373 
0.811756 0.224 
0.812412 0.224761 
0.813299 0.225458 
0.810551 0.219621 
0.816796 0.218329 
0.809254 0.219408 
0.815612 0.216242 
0.811408 0.227257 
0.809817 0.217472 
0.808122 0.220163 
0.820465 0.219374 
0.814935 0.22874 
0.819067 0.216843 
0.815881 0.21489 
0.806767 0.223823 
0.810424 0.228656 
0.815709 0.2142 
0.704307 0.532957 
0.702654 0.533383 
0.702325 0.532572 
0.706025 0.531619 
0.704726 0.535425 
0.708709 0.533152 
0.70773 0.530066 
0.703921 0.537538 
0.703576 0.528299 
0.701265 0.537835 
0.701772 0.538475 
0.710081 0.529213 
0.706598 0.539877 
0.711605 0.532373 
0.70291 0.540269 
0.700259 0.526635 
0.704375 0.525176 
0.696547 0.533617 
0.69841 0.527444 
0.704061 0.524437 
0.127554 0.0112664 
0.125389 0.00968978 
0.124739 0.0116171 
0.127418 0.00811816 
0.13128 0.0101069 
0.1285 0.00736863 
0.123864 0.00825797 
0.131834 0.0144286 
0.126549 0.0166237 
0.123581 0.0074068 
0.121231 0.010482 
0.12691 0.018171 
0.134563 0.0137255 
0.126633 0.00370223 
0.134872 0.0138697 
0.123825 0.00374369 
0.132164 0.0183293 
0.119003 0.0112154 
0.13078 0.00333113 
0.133073 0.0180195 
0.52797 0.459196 
0.526566 0.46098 
0.526198 0.461173 
0.525398 0.458373 
0.530769 0.459979 
0.529292 0.456283 
0.53126 0.455957 
0.52726 0.454524 
0.532706 0.458074 
0.522917 0.460065 
0.528324 0.453986 
0.524223 0.46294 
0.527077 0.453498 
0.532005 0.453763 
0.53231 0.453968 
0.522867 0.464068 
0.533617 0.463507 
0.520868 0.458942 
0.533418 0.45462 
0.534996 0.457667 
0.494176 0.62954 
0.494104 0.629762 
0.492605 0.628652 
0.493224 0.626734 
0.494414 0.632903 
0.49524 0.63287 
0.493897 0.625468 
0.496245 0.625872 
0.495974 0.633549 
0.491076 0.626361 
0.489788 0.631419 
0.490864 0.633435 
0.495193 0.634888 
0.491666 0.624555 
0.489195 0.626477 
0.49945 0.63219 
0.500177 0.629735 
0.492349 0.623774 
0.494297 0.623174 
0.490756 0.635025 
0.18484 0.00909214 
0.185408 0.00777362 
0.185041 0.00700537 
0.182567 0.00735508 
0.181344 0.00889484 
0.181088 0.00980841 
0.185054 0.00526858 
0.188606 0.00985546 
0.181815 0.0116568 
0.18755 0.00612257 
0.188626 0.00629837 
0.183867 0.00405476 
0.189564 0.00609414 
0.179464 0.00734097 
0.189713 0.00607938 
0.185456 0.0149341 
0.186568 0.0155221 
0.191727 0.00875971 
0.178255 0.0130694 
0.191456 0.00495718 
0.0310234 0.325202 
0.0322817 0.323709 
0.0336343 0.324184 
0.0350402 0.324783 
0.0271414 0.326466 
0.028888 0.320859 
0.0284135 0.320967 
0.0364136 0.325217 
0.0256661 0.323417 
0.0266781 0.328995 
0.0256692 0.322405 
0.0347069 0.320157 
0.0261531 0.32118 
0.0275014 0.319766 
0.0250519 0.328924 
0.0381359 0.323164 
0.0261316 0.319637 
0.0384647 0.324708 
0.0384057 0.323013 
0.0270802 0.318578 
